 	Area	X	Y	Perim.	Major	Minor	Angle	Circ.	Feret	FeretX	FeretY	FeretAngle	MinFeret	AR	Round	Solidity
1	5.622	2.238	1.905	10.687	3.309	2.164	10.630	0.619	3.458	72	358	27.936	2.366	1.529	0.654	0.967
2	1.934	16.492	1.919	5.994	1.879	1.310	163.214	0.677	2.007	2459	201	141.710	1.264	1.434	0.697	0.955
3	1.331	22.422	1.994	4.932	1.676	1.012	135.058	0.688	1.762	3429	200	120.928	1.082	1.656	0.604	0.954
4	4.384	6.566	2.163	8.882	3.117	1.791	178.779	0.698	3.225	790	245	167.201	1.850	1.740	0.575	0.959
5	1.791	13.055	1.816	6.361	2.549	0.895	172.778	0.556	2.445	1845	284	172.504	0.939	2.848	0.351	0.941
6	1.746	19.487	2.012	5.730	2.061	1.079	153.805	0.668	2.073	2887	299	169.001	1.094	1.911	0.523	0.953
7	1.864	9.883	2.007	5.620	1.791	1.325	0.594	0.742	1.855	1409	277	152.113	1.301	1.352	0.740	0.970
8	1.628E-4	9.288	2.845	0.036	0.014	0.014	0.000	1.000	0.018	1455	445	135.000	0.013	1.000	1.000	1.000
9	4.476E-4	1.464	2.880	0.076	0.029	0.020	0.000	0.976	0.033	227	451	168.690	0.019	1.469	0.681	0.846
10	4.069E-5	1.515	2.874	0.018	0.007	0.007	0.000	1.000	0.009	237	450	135.000	0.006	1.000	1.000	1.000
11	1.628E-4	18.129	3.291	0.036	0.014	0.014	0.000	1.000	0.018	2841	515	135.000	0.013	1.000	1.000	1.000
12	4.069E-4	0.797	3.660	0.067	0.027	0.019	180.000	1.000	0.029	123	573	153.435	0.019	1.384	0.723	0.909
13	0.855	17.678	4.503	3.954	1.532	0.711	131.971	0.688	1.491	2715	602	121.174	0.714	2.155	0.464	0.961
14	0.510	23.010	4.283	2.834	0.916	0.709	123.909	0.799	0.958	3542	633	143.664	0.690	1.292	0.774	0.966
15	0.453	21.387	4.316	2.584	0.818	0.704	102.109	0.851	0.834	3318	620	113.429	0.711	1.161	0.861	0.975
16	4.476E-4	5.647	3.953	0.076	0.024	0.023	135.000	0.976	0.029	884	618	116.565	0.026	1.035	0.966	0.846
17	0.849	15.474	4.435	3.741	1.133	0.953	156.808	0.762	1.203	2331	692	7.313	0.953	1.189	0.841	0.961
18	0.444	19.673	4.420	2.854	1.026	0.551	151.925	0.684	0.997	3008	667	168.187	0.543	1.863	0.537	0.947
19	0.927	13.609	4.576	3.859	1.224	0.964	140.513	0.782	1.292	2052	651	127.379	0.963	1.270	0.787	0.966
20	0.002	14.443	4.129	0.141	0.053	0.036	45.930	0.948	0.059	2261	651	40.601	0.041	1.479	0.676	0.902
21	3.662E-4	7.696	4.175	0.062	0.022	0.022	0.000	1.000	0.027	1205	653	135.000	0.019	1.000	1.000	1.000
22	0.582	12.049	4.665	3.100	0.892	0.831	38.935	0.762	0.985	1839	800	58.782	0.823	1.073	0.932	0.959
23	0.004	2.396	4.490	0.239	0.082	0.060	21.281	0.842	0.087	369	706	17.103	0.067	1.366	0.732	0.862
24	0.001	2.730	4.493	0.116	0.040	0.036	180.000	1.000	0.043	427	701	116.565	0.038	1.092	0.916	0.903
25	0.985	7.591	5.093	4.202	1.552	0.808	148.574	0.701	1.514	1081	758	156.675	0.788	1.921	0.521	0.955
26	2.441E-4	9.182	4.497	0.049	0.022	0.014	0.000	1.000	0.023	1438	704	146.310	0.013	1.500	0.667	1.000
27	0.819	9.823	4.981	3.709	1.196	0.872	4.763	0.748	1.230	1436	764	170.147	0.880	1.372	0.729	0.965
28	1.511	2.092	5.062	5.111	1.859	1.035	173.333	0.727	1.791	191	827	12.551	1.008	1.796	0.557	0.963
29	5.697E-4	2.526	4.586	0.080	0.031	0.023	135.000	1.000	0.036	394	717	135.000	0.026	1.319	0.758	0.933
30	1.079	5.055	5.151	4.682	1.804	0.762	178.328	0.619	1.848	652	801	172.066	0.762	2.369	0.422	0.957
31	4.069E-4	9.101	4.904	0.072	0.025	0.020	45.000	0.982	0.029	1425	770	26.565	0.023	1.241	0.806	0.800
32	0.004	19.723	5.073	0.243	0.083	0.068	80.768	0.946	0.089	3090	802	68.962	0.070	1.210	0.827	0.924
33	0.002	18.843	5.094	0.176	0.061	0.048	58.212	0.943	0.068	2950	802	48.814	0.051	1.256	0.796	0.912
34	2.848E-4	12.263	5.264	0.058	0.020	0.018	0.000	1.000	0.023	1921	824	123.690	0.019	1.069	0.936	0.875
35	7.324E-4	21.429	5.297	0.094	0.034	0.027	38.474	1.000	0.037	3357	832	30.964	0.031	1.257	0.795	0.857
36	0.005	15.950	5.371	0.252	0.089	0.069	53.314	0.961	0.096	2497	849	53.130	0.072	1.296	0.772	0.933
37	0.451	22.862	6.139	2.882	1.130	0.508	119.729	0.682	1.115	3544	888	120.233	0.510	2.223	0.450	0.950
38	0.521	19.776	6.059	3.055	1.174	0.566	154.324	0.702	1.245	3018	897	148.835	0.617	2.075	0.482	0.968
39	0.676	13.121	6.302	3.254	1.141	0.754	104.777	0.802	1.160	2041	894	100.136	0.773	1.514	0.661	0.972
40	0.379	21.300	6.105	2.497	0.815	0.592	108.399	0.763	0.849	3294	910	138.045	0.571	1.377	0.726	0.969
41	4.883E-4	9.530	5.862	0.072	0.025	0.025	0.000	1.000	0.029	1493	917	116.565	0.026	1.000	1.000	0.857
42	0.422	16.525	6.389	2.676	0.817	0.657	135.968	0.741	0.929	2562	930	125.218	0.675	1.243	0.804	0.956
43	0.396	14.743	6.527	3.134	1.295	0.389	136.345	0.506	1.272	2232	945	128.077	0.447	3.327	0.301	0.934
44	0.389	18.122	6.416	2.874	1.142	0.434	159.660	0.592	1.144	2761	974	151.721	0.435	2.631	0.380	0.936
45	0.547	11.151	6.574	3.025	1.115	0.625	149.088	0.752	1.131	1666	984	150.255	0.649	1.784	0.561	0.962
46	0.653	7.484	6.828	3.524	1.410	0.589	167.323	0.660	1.379	1068	1042	165.256	0.591	2.391	0.418	0.967
47	0.458	8.932	6.853	2.936	1.081	0.540	167.111	0.668	1.058	1315	1047	166.048	0.555	2.004	0.499	0.935
48	0.462	5.880	7.098	3.141	1.210	0.486	156.847	0.589	1.137	843	1070	143.902	0.483	2.488	0.402	0.916
49	0.700	1.288	7.174	3.578	1.215	0.733	176.518	0.687	1.302	96	1129	11.585	0.777	1.656	0.604	0.962
50	0.784	3.576	7.309	3.802	1.453	0.687	177.294	0.681	1.492	450	1128	167.152	0.705	2.114	0.473	0.964
51	0.335	21.730	7.609	2.493	1.008	0.423	133.756	0.676	0.962	3363	1131	128.541	0.415	2.386	0.419	0.943
52	0.002	13.514	7.296	0.170	0.067	0.033	133.813	0.744	0.069	2116	1139	123.690	0.040	2.053	0.487	0.808
53	0.001	16.891	7.340	0.128	0.044	0.039	127.749	1.000	0.050	2645	1148	129.806	0.038	1.140	0.877	0.892
54	0.215	19.489	7.541	1.846	0.671	0.408	167.129	0.793	0.685	3005	1166	158.694	0.408	1.645	0.608	0.970
55	0.194	23.092	7.748	1.927	0.764	0.324	131.920	0.657	0.742	3580	1175	130.815	0.328	2.359	0.424	0.931
56	0.239	18.105	7.927	1.927	0.679	0.447	113.719	0.808	0.697	2827	1187	101.619	0.461	1.518	0.659	0.960
57	0.306	8.787	8.049	2.421	0.940	0.414	107.943	0.656	0.939	1355	1195	114.476	0.421	2.268	0.441	0.949
58	0.239	11.379	7.881	2.141	0.823	0.369	37.898	0.654	0.833	1741	1289	49.970	0.377	2.227	0.449	0.946
59	0.315	15.396	7.927	2.246	0.759	0.528	134.478	0.785	0.788	2356	1218	156.132	0.526	1.437	0.696	0.951
60	0.209	20.504	7.835	1.853	0.690	0.385	6.154	0.764	0.684	3161	1236	3.743	0.380	1.789	0.559	0.951
61	2.441E-4	6.857	7.671	0.049	0.022	0.014	90.000	1.000	0.023	1074	1201	123.690	0.013	1.500	0.667	1.000
62	0.255	12.514	7.997	2.027	0.632	0.514	157.089	0.780	0.668	1907	1261	10.452	0.508	1.231	0.812	0.938
63	0.189	14.180	8.005	1.804	0.691	0.349	143.521	0.730	0.687	2178	1221	138.764	0.360	1.982	0.505	0.954
64	0.203	16.626	8.024	1.882	0.694	0.373	147.389	0.722	0.718	2561	1221	137.521	0.385	1.861	0.537	0.951
65	0.350	10.161	8.156	2.347	0.829	0.538	130.043	0.799	0.838	1544	1232	140.250	0.559	1.542	0.649	0.962
66	1.221E-4	11.751	8.043	0.036	0.015	0.010	135.000	1.000	0.018	1841	1260	135.000	0.013	1.464	0.683	0.857
67	0.349	7.411	8.368	2.309	0.717	0.619	125.996	0.822	0.790	1113	1268	137.944	0.619	1.159	0.863	0.966
68	0.391	6.015	8.443	2.531	0.839	0.593	162.261	0.766	0.866	874	1297	166.373	0.608	1.414	0.707	0.967
69	0.441	2.664	8.845	3.303	1.325	0.424	125.118	0.508	1.324	343	1294	131.290	0.483	3.130	0.320	0.906
70	0.428	4.283	8.776	2.541	0.820	0.664	48.917	0.832	0.855	612	1403	35.587	0.670	1.235	0.810	0.968
71	0.606	1.415	9.078	4.210	1.397	0.552	139.297	0.430	1.450	135	1342	138.387	0.688	2.530	0.395	0.840
72	0.001	6.666	8.625	0.127	0.054	0.028	92.963	0.920	0.055	1044	1348	110.556	0.026	1.944	0.514	0.951
73	0.089	23.025	8.846	1.157	0.393	0.288	26.928	0.834	0.430	3579	1403	32.276	0.302	1.366	0.732	0.960
74	0.174	19.861	9.178	1.809	0.655	0.337	103.473	0.667	0.705	3112	1389	99.377	0.361	1.943	0.515	0.947
75	0.109	21.077	9.057	1.313	0.469	0.295	3.607	0.793	0.481	3267	1417	173.911	0.299	1.589	0.629	0.954
76	0.054	20.648	9.049	0.929	0.334	0.204	40.194	0.780	0.351	3212	1428	24.702	0.210	1.639	0.610	0.935
77	0.135	18.886	9.116	1.529	0.565	0.303	12.234	0.724	0.597	2912	1444	23.279	0.315	1.862	0.537	0.956
78	0.028	21.989	9.067	0.653	0.240	0.150	167.087	0.834	0.251	3427	1416	165.256	0.153	1.605	0.623	0.953
79	0.194	11.988	9.411	1.824	0.651	0.380	90.577	0.733	0.669	1869	1526	82.875	0.402	1.712	0.584	0.948
80	0.033	16.316	9.200	0.721	0.273	0.154	85.300	0.800	0.274	2550	1463	72.408	0.147	1.774	0.564	0.966
81	0.212	14.374	9.394	1.882	0.669	0.404	128.059	0.753	0.699	2222	1429	133.152	0.412	1.655	0.604	0.949
82	0.153	15.558	9.381	1.641	0.595	0.326	136.962	0.712	0.637	2413	1432	127.674	0.336	1.823	0.549	0.952
83	0.175	17.654	9.400	1.925	0.800	0.278	153.459	0.593	0.801	2714	1438	149.349	0.297	2.876	0.348	0.948
84	0.118	13.147	9.302	1.521	0.605	0.248	9.170	0.640	0.605	2018	1477	16.526	0.265	2.436	0.411	0.944
85	2.441E-4	20.668	9.202	0.049	0.022	0.014	90.000	1.000	0.023	3239	1441	123.690	0.013	1.500	0.667	1.000
86	0.193	10.776	9.638	1.963	0.789	0.312	127.453	0.630	0.757	1669	1454	113.325	0.311	2.533	0.395	0.914
87	0.001	2.260	9.396	0.138	0.050	0.036	41.584	0.947	0.055	351	1476	35.538	0.041	1.367	0.731	0.886
88	0.163	8.297	9.779	1.697	0.612	0.339	109.317	0.710	0.627	1296	1486	94.086	0.351	1.808	0.553	0.934
89	0.265	9.499	9.823	2.147	0.829	0.406	6.251	0.721	0.823	1431	1554	12.529	0.408	2.042	0.490	0.966
90	0.004	17.885	9.750	0.225	0.084	0.054	160.630	0.882	0.089	2797	1527	158.962	0.057	1.566	0.639	0.916
91	0.159	7.186	9.989	1.589	0.518	0.390	59.379	0.790	0.553	1105	1603	64.026	0.405	1.328	0.753	0.938
92	0.187	6.066	10.029	1.737	0.587	0.407	157.493	0.781	0.602	909	1549	147.995	0.416	1.444	0.693	0.946
93	0.218	5.065	10.135	1.840	0.667	0.416	159.994	0.810	0.668	745	1577	162.777	0.428	1.602	0.624	0.961
94	0.067	16.739	10.148	1.019	0.373	0.230	98.054	0.814	0.372	2614	1563	105.945	0.236	1.619	0.618	0.959
95	0.017	22.877	10.058	0.506	0.171	0.128	106.286	0.844	0.176	3583	1590	77.471	0.130	1.330	0.752	0.926
96	0.043	22.243	10.122	0.810	0.286	0.190	84.786	0.814	0.296	3480	1610	82.569	0.198	1.509	0.663	0.939
97	0.042	21.763	10.169	0.826	0.256	0.209	137.264	0.775	0.272	3401	1573	129.289	0.225	1.222	0.818	0.906
98	0.193	3.842	10.271	1.883	0.717	0.343	154.095	0.684	0.718	550	1585	149.560	0.359	2.093	0.478	0.936
99	0.077	15.994	10.271	1.154	0.438	0.224	50.005	0.726	0.421	2486	1636	57.995	0.234	1.954	0.512	0.928
100	0.029	18.424	10.175	0.670	0.242	0.154	159.187	0.821	0.249	2868	1590	166.675	0.165	1.566	0.639	0.946
101	0.025	18.780	10.194	0.604	0.195	0.164	98.298	0.862	0.202	2938	1613	71.565	0.171	1.191	0.839	0.939
102	0.044	20.920	10.276	0.835	0.302	0.187	45.270	0.797	0.314	3262	1629	52.431	0.197	1.620	0.617	0.944
103	0.036	19.923	10.324	0.745	0.256	0.180	11.627	0.820	0.265	3104	1622	15.376	0.189	1.422	0.703	0.937
104	0.059	20.398	10.357	1.003	0.349	0.215	161.234	0.736	0.361	3168	1614	162.525	0.219	1.624	0.616	0.927
105	0.040	17.476	10.421	0.783	0.242	0.212	155.497	0.824	0.273	2719	1630	169.216	0.207	1.143	0.875	0.923
106	0.052	14.182	10.447	0.932	0.339	0.196	64.137	0.756	0.359	2207	1662	56.592	0.207	1.730	0.578	0.935
107	0.211	1.299	10.514	2.094	0.812	0.330	168.507	0.604	0.828	139	1632	167.998	0.350	2.457	0.407	0.925
108	0.025	15.182	10.508	0.604	0.203	0.156	53.707	0.855	0.218	2366	1658	37.875	0.163	1.306	0.766	0.938
109	0.078	13.165	10.585	1.079	0.353	0.280	2.163	0.838	0.372	2035	1653	164.055	0.280	1.261	0.793	0.956
110	3.662E-4	15.578	10.515	0.067	0.025	0.019	20.301	1.000	0.029	2440	1649	26.565	0.019	1.340	0.746	0.857
111	0.036	12.486	10.625	0.732	0.261	0.176	14.192	0.845	0.266	1936	1669	11.041	0.181	1.481	0.675	0.950
112	0.117	11.767	10.760	1.322	0.455	0.328	126.724	0.841	0.468	1826	1656	119.358	0.334	1.387	0.721	0.960
113	0.007	21.135	10.645	0.331	0.117	0.080	103.777	0.848	0.125	3309	1660	104.744	0.085	1.458	0.686	0.919
114	0.041	22.797	10.724	0.815	0.300	0.172	69.102	0.769	0.322	3562	1705	62.928	0.185	1.739	0.575	0.954
115	0.138	10.975	10.794	1.558	0.586	0.300	162.597	0.715	0.570	1676	1679	164.407	0.312	1.954	0.512	0.948
116	0.058	20.719	10.890	0.958	0.318	0.231	76.233	0.788	0.328	3242	1682	103.496	0.231	1.376	0.727	0.936
117	0.117	9.931	11.012	1.485	0.504	0.295	112.057	0.665	0.495	1539	1692	111.938	0.313	1.708	0.586	0.878
118	0.078	4.820	11.114	1.177	0.434	0.228	101.424	0.704	0.434	745	1710	107.103	0.242	1.906	0.525	0.905
119	0.031	8.180	11.096	0.678	0.224	0.175	31.784	0.840	0.234	1267	1747	29.358	0.178	1.280	0.781	0.933
120	0.042	3.922	11.280	0.776	0.273	0.194	139.927	0.871	0.287	600	1751	126.870	0.196	1.406	0.711	0.958
121	0.066	22.111	11.301	1.082	0.404	0.209	169.026	0.714	0.404	3435	1760	164.427	0.203	1.930	0.518	0.940
122	0.066	2.894	11.390	1.072	0.410	0.205	70.672	0.723	0.429	443	1818	67.249	0.226	1.996	0.501	0.947
123	0.090	6.120	11.517	1.244	0.485	0.235	87.629	0.728	0.493	955	1845	85.544	0.249	2.061	0.485	0.949
124	0.083	20.868	11.436	1.314	0.518	0.203	173.246	0.601	0.499	3233	1789	169.695	0.224	2.554	0.392	0.886
125	0.034	2.076	11.552	0.763	0.253	0.172	81.132	0.738	0.273	320	1829	79.216	0.196	1.468	0.681	0.916
126	0.113	19.784	11.614	1.477	0.571	0.253	157.905	0.654	0.566	3056	1810	165.651	0.254	2.256	0.443	0.938
127	0.034	21.764	11.544	0.724	0.270	0.162	139.517	0.824	0.278	3393	1798	148.134	0.167	1.666	0.600	0.944
128	0.099	19.003	11.612	1.263	0.466	0.270	156.710	0.777	0.483	2947	1804	155.807	0.285	1.729	0.578	0.947
129	0.088	9.222	11.618	1.145	0.344	0.326	166.209	0.845	0.368	1426	1840	38.660	0.315	1.056	0.947	0.957
130	0.069	18.167	11.616	1.029	0.346	0.253	64.563	0.815	0.375	2829	1845	48.447	0.264	1.369	0.730	0.951
131	0.144	14.986	11.710	1.515	0.506	0.362	136.806	0.788	0.532	2324	1806	127.694	0.379	1.400	0.714	0.942
132	0.049	1.329	11.606	0.852	0.288	0.215	6.315	0.842	0.297	185	1824	14.931	0.221	1.337	0.748	0.945
133	0.116	17.296	11.758	1.371	0.527	0.280	132.447	0.775	0.529	2685	1811	130.601	0.284	1.885	0.531	0.955
134	0.141	16.596	11.794	1.477	0.475	0.379	177.790	0.814	0.491	2566	1862	20.556	0.378	1.254	0.797	0.951
135	0.137	15.824	11.786	1.570	0.583	0.300	163.848	0.700	0.582	2444	1820	147.529	0.298	1.946	0.514	0.948
136	0.081	10.587	12.050	1.278	0.526	0.197	53.660	0.626	0.524	1630	1915	48.945	0.205	2.672	0.374	0.937
137	0.048	22.816	11.950	0.855	0.272	0.224	25.026	0.821	0.287	3566	1894	57.724	0.231	1.213	0.824	0.939
138	0.043	14.243	11.972	0.779	0.241	0.226	41.460	0.886	0.257	2212	1881	23.385	0.230	1.068	0.936	0.950
139	0.005	18.154	11.897	0.261	0.089	0.069	16.884	0.895	0.093	2839	1867	15.945	0.073	1.286	0.778	0.895
140	0.089	11.475	12.098	1.155	0.393	0.289	50.755	0.841	0.396	1792	1926	75.069	0.295	1.361	0.735	0.946
141	0.075	12.175	12.188	1.079	0.372	0.256	174.479	0.808	0.384	1878	1903	164.578	0.255	1.450	0.690	0.948
142	0.132	7.272	12.359	1.591	0.633	0.265	77.776	0.653	0.616	1131	1986	76.827	0.266	2.394	0.418	0.933
143	0.093	12.821	12.264	1.278	0.477	0.247	50.387	0.713	0.514	1986	1956	52.561	0.266	1.930	0.518	0.951
144	0.048	8.667	12.209	0.849	0.287	0.213	146.967	0.837	0.311	1339	1900	145.008	0.228	1.348	0.742	0.950
145	0.045	21.986	12.303	0.839	0.281	0.205	113.071	0.809	0.286	3429	1915	141.340	0.205	1.367	0.731	0.940
146	0.101	9.204	12.451	1.294	0.469	0.274	57.009	0.757	0.485	1423	1983	50.870	0.290	1.716	0.583	0.942
147	6.917E-4	15.204	12.321	0.090	0.035	0.025	135.000	1.000	0.037	2382	1929	120.964	0.027	1.385	0.722	0.850
148	0.110	5.886	12.534	1.313	0.455	0.308	44.085	0.802	0.471	905	1996	57.171	0.305	1.476	0.678	0.947
149	0.101	15.431	12.586	1.338	0.487	0.264	85.744	0.710	0.513	2418	2014	84.289	0.291	1.843	0.543	0.933
150	0.072	20.592	12.444	1.178	0.467	0.195	176.713	0.649	0.476	3193	1949	173.066	0.209	2.390	0.418	0.935
151	0.137	3.543	12.578	1.430	0.465	0.375	65.149	0.843	0.483	546	2009	65.807	0.380	1.240	0.807	0.963
152	0.123	4.787	12.533	1.529	0.569	0.275	172.664	0.662	0.580	700	1962	165.353	0.289	2.067	0.484	0.940
153	0.217	1.513	12.581	2.055	0.827	0.334	4.642	0.645	0.809	177	1979	9.537	0.351	2.477	0.404	0.945
154	0.010	15.734	12.561	0.392	0.144	0.085	81.699	0.785	0.154	2462	1980	65.556	0.083	1.704	0.587	0.933
155	0.076	19.530	12.634	1.067	0.359	0.271	163.948	0.844	0.385	3035	1968	151.314	0.281	1.324	0.756	0.952
156	0.073	2.608	12.704	1.064	0.381	0.243	33.231	0.807	0.388	388	2014	47.663	0.242	1.568	0.638	0.951
157	0.038	16.480	12.690	0.736	0.226	0.212	4.535	0.875	0.238	2566	1984	164.476	0.211	1.064	0.940	0.944
158	0.026	18.549	12.718	0.645	0.251	0.132	32.442	0.787	0.260	2890	2003	30.964	0.143	1.899	0.527	0.948
159	0.027	13.943	12.731	0.633	0.210	0.167	38.939	0.861	0.231	2177	2012	50.599	0.176	1.259	0.794	0.957
160	0.005	9.733	12.737	0.264	0.097	0.063	26.271	0.863	0.101	1518	2000	18.435	0.068	1.549	0.646	0.908
161	0.044	17.288	12.836	0.798	0.281	0.198	90.815	0.860	0.282	2704	1991	103.092	0.196	1.420	0.704	0.953
162	0.042	22.707	12.955	0.796	0.296	0.179	94.817	0.825	0.300	3555	2008	102.265	0.179	1.656	0.604	0.951
163	0.001	17.801	12.922	0.116	0.041	0.031	103.391	0.954	0.046	2790	2022	105.945	0.032	1.313	0.761	0.877
164	0.055	8.758	13.211	1.184	0.476	0.147	82.548	0.494	0.491	1360	2103	74.157	0.172	3.228	0.310	0.911
165	0.043	13.121	13.051	0.797	0.249	0.220	139.504	0.849	0.284	2042	2030	132.274	0.219	1.132	0.884	0.962
166	0.042	18.058	13.034	0.811	0.284	0.186	175.945	0.794	0.294	2806	2046	12.529	0.191	1.525	0.656	0.948
167	0.037	14.610	13.120	0.754	0.234	0.200	142.671	0.814	0.262	2277	2041	133.025	0.212	1.171	0.854	0.929
168	0.048	15.865	13.162	0.879	0.322	0.188	160.327	0.774	0.323	2463	2058	165.141	0.192	1.709	0.585	0.943
169	0.031	20.832	13.167	0.688	0.244	0.163	147.435	0.829	0.252	3247	2057	159.274	0.167	1.490	0.671	0.939
170	0.150	6.503	13.249	1.661	0.610	0.314	8.755	0.684	0.656	969	2095	19.316	0.330	1.944	0.514	0.939
171	0.043	7.760	13.211	0.800	0.234	0.232	44.041	0.838	0.262	1199	2081	34.077	0.228	1.009	0.991	0.938
172	0.057	5.312	13.287	0.928	0.326	0.222	179.978	0.827	0.334	807	2077	166.759	0.225	1.468	0.681	0.950
173	0.058	10.844	13.275	1.136	0.461	0.161	172.063	0.569	0.479	1661	2076	170.036	0.178	2.858	0.350	0.918
174	0.059	9.728	13.297	1.019	0.392	0.190	169.551	0.709	0.409	1495	2075	169.216	0.197	2.060	0.485	0.926
175	0.041	11.812	13.326	0.797	0.275	0.191	176.035	0.814	0.292	1828	2092	10.081	0.208	1.439	0.695	0.921
176	1.628E-4	21.811	13.341	0.049	0.017	0.012	90.000	0.857	0.020	3419	2090	108.435	0.013	1.468	0.681	0.800
177	0.045	19.251	13.482	0.852	0.264	0.217	138.420	0.779	0.297	2996	2102	157.286	0.225	1.214	0.824	0.922
178	0.025	12.542	13.457	0.598	0.203	0.157	154.153	0.882	0.212	1950	2104	158.839	0.165	1.295	0.772	0.951
179	0.027	21.899	13.460	0.622	0.198	0.173	6.114	0.871	0.214	3419	2102	157.249	0.172	1.144	0.874	0.951
180	0.083	1.577	13.556	1.172	0.432	0.244	141.954	0.757	0.448	221	2104	140.194	0.253	1.774	0.564	0.941
181	0.039	4.219	13.554	0.808	0.286	0.173	45.809	0.750	0.309	645	2143	51.710	0.189	1.652	0.605	0.919
182	0.079	2.495	13.644	1.116	0.367	0.274	30.975	0.799	0.398	370	2162	41.100	0.278	1.340	0.746	0.944
183	0.023	22.979	13.626	0.591	0.200	0.144	164.904	0.811	0.214	3589	2125	149.621	0.155	1.388	0.720	0.925
184	0.089	3.364	13.703	1.240	0.434	0.261	176.073	0.728	0.442	494	2136	169.177	0.266	1.664	0.601	0.924
185	0.023	22.526	13.667	0.607	0.218	0.136	151.799	0.795	0.227	3515	2136	147.653	0.140	1.599	0.626	0.937
186	0.040	20.160	13.729	0.822	0.305	0.166	26.743	0.739	0.313	3142	2169	39.207	0.168	1.834	0.545	0.946
187	0.070	20.971	13.789	1.077	0.327	0.273	179.236	0.760	0.352	3273	2139	137.936	0.288	1.197	0.835	0.922
188	0.123	17.145	13.911	1.355	0.434	0.361	132.437	0.842	0.454	2655	2167	150.555	0.356	1.201	0.832	0.954
189	0.001	23.041	13.725	0.128	0.046	0.035	107.897	0.960	0.051	3610	2148	119.745	0.038	1.335	0.749	0.873
190	0.073	18.123	13.942	1.081	0.391	0.239	146.750	0.789	0.405	2813	2175	155.854	0.253	1.641	0.610	0.952
191	0.084	16.183	13.977	1.110	0.355	0.303	49.610	0.861	0.364	2511	2204	37.875	0.305	1.170	0.855	0.957
192	0.066	15.043	13.959	1.037	0.391	0.214	154.352	0.769	0.393	2329	2175	147.600	0.220	1.822	0.549	0.955
193	0.066	11.157	14.106	1.022	0.354	0.237	132.146	0.791	0.360	1724	2195	127.073	0.227	1.495	0.669	0.936
194	0.002	14.189	13.989	0.159	0.057	0.042	108.280	0.927	0.061	2222	2189	108.435	0.045	1.342	0.745	0.885
195	0.020	22.111	14.041	0.544	0.194	0.130	146.996	0.845	0.204	3455	2190	141.340	0.143	1.490	0.671	0.935
196	0.050	13.514	14.105	0.873	0.275	0.233	142.388	0.828	0.299	2105	2192	123.690	0.244	1.179	0.848	0.934
197	0.062	12.165	14.157	1.014	0.369	0.213	23.500	0.755	0.374	1886	2237	36.674	0.221	1.735	0.576	0.941
198	0.053	22.948	14.186	0.887	0.298	0.225	117.477	0.840	0.310	3581	2205	126.634	0.234	1.324	0.755	0.951
199	0.109	10.003	14.206	1.509	0.625	0.222	8.864	0.601	0.611	1523	2240	20.136	0.230	2.821	0.355	0.925
200	0.046	21.560	14.332	0.867	0.263	0.225	172.335	0.777	0.291	3360	2236	156.801	0.235	1.173	0.853	0.903
201	0.056	8.883	14.337	0.971	0.354	0.201	4.449	0.744	0.373	1364	2252	7.853	0.223	1.768	0.566	0.934
202	0.097	7.578	14.398	1.231	0.404	0.305	14.731	0.802	0.426	1157	2265	19.250	0.317	1.326	0.754	0.948
203	0.027	20.219	14.337	0.617	0.202	0.167	69.708	0.878	0.218	3160	2261	58.173	0.166	1.210	0.827	0.959
204	0.070	5.121	14.406	1.146	0.446	0.201	31.807	0.673	0.457	769	2269	24.775	0.213	2.216	0.451	0.923
205	0.051	18.948	14.408	0.907	0.343	0.189	61.755	0.777	0.361	2954	2281	54.345	0.204	1.815	0.551	0.953
206	0.083	20.997	14.469	1.106	0.364	0.290	163.692	0.852	0.375	3269	2251	144.689	0.299	1.254	0.798	0.957
207	0.067	6.440	14.477	1.006	0.336	0.254	21.181	0.834	0.344	984	2278	15.068	0.256	1.323	0.756	0.947
208	1.628E-4	22.352	14.391	0.036	0.014	0.014	0.000	1.000	0.018	3503	2255	135.000	0.013	1.000	1.000	1.000
209	0.026	3.870	14.525	0.627	0.217	0.155	37.575	0.845	0.231	594	2289	39.401	0.163	1.396	0.716	0.947
210	0.001	12.837	14.463	0.125	0.046	0.038	175.302	1.000	0.049	2009	2266	156.801	0.038	1.213	0.825	0.904
211	8.545E-4	19.369	14.459	0.101	0.036	0.030	36.136	1.000	0.041	3034	2269	38.660	0.032	1.182	0.846	0.913
212	8.545E-4	20.015	14.462	0.103	0.035	0.031	104.036	1.000	0.040	3137	2264	108.435	0.032	1.116	0.896	0.857
213	0.061	2.902	14.676	0.988	0.357	0.217	88.768	0.785	0.357	451	2327	79.695	0.215	1.643	0.609	0.952
214	0.099	1.771	14.665	1.329	0.519	0.242	172.543	0.702	0.519	236	2299	5.641	0.239	2.149	0.465	0.951
215	0.055	17.896	14.718	0.972	0.348	0.200	19.501	0.727	0.368	2783	2326	27.897	0.201	1.740	0.575	0.932
216	0.070	15.720	14.836	1.053	0.370	0.240	64.657	0.788	0.379	2457	2354	77.367	0.240	1.542	0.649	0.941
217	0.096	11.829	14.972	1.256	0.462	0.265	108.229	0.767	0.478	1841	2310	106.260	0.285	1.739	0.575	0.953
218	0.032	14.050	15.081	0.694	0.237	0.170	46.082	0.825	0.255	2191	2381	53.130	0.176	1.401	0.714	0.929
219	0.002	12.916	15.018	0.163	0.059	0.041	6.181	0.904	0.063	2020	2356	23.962	0.045	1.422	0.703	0.887
220	0.004	10.965	15.133	0.221	0.077	0.058	126.745	0.912	0.082	1714	2368	128.660	0.063	1.325	0.755	0.897
221	0.003	16.551	15.251	0.185	0.066	0.051	70.450	0.973	0.071	2592	2396	63.435	0.051	1.302	0.768	0.929
