 	Area	X	Y	Perim.	Major	Minor	Angle	Circ.	Feret	FeretX	FeretY	FeretAngle	MinFeret	AR	Round	Solidity
1	5.029	2.104	1.741	9.761	2.838	2.256	4.565	0.663	2.990	121	344	37.154	2.314	1.258	0.795	0.958
2	0.001	2.110	0.610	0.128	0.046	0.038	171.464	1.000	0.050	282	81	153.435	0.037	1.230	0.813	0.909
3	0.001	7.330	0.847	0.118	0.042	0.035	126.136	1.000	0.047	988	112	128.660	0.037	1.182	0.846	0.913
4	4.931E-4	21.506	0.892	0.071	0.025	0.025	0.000	1.000	0.031	2904	119	135.000	0.022	1.000	1.000	1.000
5	1.096E-4	5.463	1.033	0.031	0.017	0.008	0.000	1.000	0.017	737	139	153.435	0.007	2.000	0.500	1.000
6	2.192E-4	6.425	1.155	0.042	0.017	0.017	0.000	1.000	0.021	867	155	135.000	0.015	1.000	1.000	1.000
7	1.389	5.783	1.889	5.002	1.802	0.981	142.285	0.697	1.816	672	186	157.721	1.013	1.837	0.544	0.961
8	4.931E-4	12.942	1.240	0.071	0.025	0.025	0.000	1.000	0.031	1747	166	135.000	0.022	1.000	1.000	1.000
9	1.288	16.571	1.890	4.656	1.539	1.066	157.641	0.747	1.590	2173	178	138.965	1.042	1.444	0.692	0.963
10	1.096E-4	15.714	1.295	0.042	0.019	0.007	45.000	0.785	0.021	2122	176	45.000	0.010	2.646	0.378	0.667
11	0.921	20.190	1.781	3.860	1.338	0.876	167.572	0.777	1.403	2638	206	167.504	0.907	1.527	0.655	0.964
12	0.847	12.938	1.996	3.919	1.149	0.938	94.548	0.693	1.268	1715	181	93.347	0.937	1.225	0.817	0.932
13	8.218E-4	10.875	1.491	0.105	0.034	0.030	0.000	0.942	0.040	1467	200	158.199	0.036	1.134	0.882	0.789
14	1.330	26.419	2.046	4.622	1.475	1.148	10.250	0.782	1.531	3473	239	174.730	1.195	1.285	0.778	0.976
15	2.192E-4	12.354	1.606	0.042	0.017	0.017	0.000	1.000	0.021	1668	216	135.000	0.015	1.000	1.000	1.000
16	0.917	22.778	2.110	4.004	1.231	0.949	12.216	0.719	1.314	3011	346	43.403	0.907	1.298	0.771	0.942
17	0.815	28.506	2.264	3.787	1.392	0.745	162.097	0.714	1.404	3751	288	172.425	0.761	1.868	0.535	0.968
18	4.383E-4	15.673	1.875	0.067	0.026	0.021	45.000	1.000	0.031	2116	255	45.000	0.022	1.229	0.814	0.941
19	1.096E-4	8.875	1.943	0.031	0.017	0.008	0.000	1.000	0.017	1198	262	153.435	0.007	2.000	0.500	1.000
20	7.670E-4	5.107	1.970	0.092	0.033	0.029	180.000	1.000	0.037	689	264	126.870	0.030	1.125	0.889	0.933
21	6.575E-4	28.962	1.986	0.088	0.031	0.027	19.805	1.000	0.037	3911	270	36.870	0.030	1.135	0.881	0.857
22	0.894	9.383	2.404	4.906	1.778	0.640	11.365	0.467	1.771	1151	345	5.758	0.667	2.777	0.360	0.922
23	6.575E-4	15.817	2.130	0.088	0.031	0.027	160.195	1.000	0.037	2135	286	143.130	0.030	1.135	0.881	0.857
24	5.479E-4	14.895	2.139	0.078	0.030	0.023	90.000	1.000	0.033	2011	287	116.565	0.022	1.327	0.753	0.909
25	6.575E-4	16.038	2.329	0.092	0.036	0.023	170.583	0.967	0.040	2164	314	158.199	0.022	1.579	0.633	0.889
26	1.644E-4	8.506	2.370	0.042	0.018	0.012	45.000	1.000	0.021	1148	321	45.000	0.015	1.464	0.683	0.857
27	0.004	10.600	2.586	0.248	0.091	0.061	49.513	0.898	0.095	1427	353	38.660	0.066	1.491	0.671	0.879
28	1.644E-4	9.639	2.626	0.042	0.018	0.012	135.000	1.000	0.021	1301	354	135.000	0.015	1.464	0.683	0.857
29	7.670E-4	20.570	3.088	0.092	0.033	0.029	180.000	1.000	0.037	2778	415	126.870	0.030	1.125	0.889	0.933
30	2.192E-4	15.685	3.175	0.042	0.017	0.017	0.000	1.000	0.021	2118	428	135.000	0.015	1.000	1.000	1.000
31	0.569	20.573	3.769	2.951	1.004	0.722	41.681	0.821	1.019	2731	561	35.538	0.717	1.391	0.719	0.970
32	0.440	18.643	3.734	2.642	0.861	0.651	121.273	0.793	0.943	2476	459	126.060	0.678	1.323	0.756	0.967
33	3.835E-4	14.462	3.431	0.067	0.023	0.021	90.000	1.000	0.027	1953	462	123.690	0.022	1.069	0.936	0.875
34	0.306	16.937	3.756	2.214	0.747	0.521	154.872	0.785	0.752	2241	489	164.597	0.516	1.433	0.698	0.942
35	0.566	22.615	3.880	2.979	0.905	0.796	14.800	0.802	0.970	2991	506	169.891	0.812	1.137	0.879	0.960
36	0.430	28.283	3.992	2.612	0.796	0.687	69.018	0.792	0.854	3821	592	78.495	0.710	1.159	0.863	0.959
37	3.835E-4	14.830	3.579	0.063	0.028	0.017	45.000	1.000	0.031	2002	485	45.000	0.021	1.596	0.626	0.875
38	0.385	14.876	3.949	2.584	0.995	0.493	4.858	0.725	0.981	1942	543	5.194	0.511	2.019	0.495	0.969
39	2.192E-4	15.870	3.679	0.042	0.017	0.017	0.000	1.000	0.021	2143	496	135.000	0.015	1.000	1.000	1.000
40	0.337	24.941	4.023	2.324	0.826	0.519	151.339	0.784	0.825	3328	507	150.446	0.512	1.590	0.629	0.960
41	0.383	26.688	4.005	2.450	0.833	0.585	1.941	0.801	0.873	3549	524	169.739	0.585	1.426	0.701	0.965
42	0.516	10.419	4.271	2.872	1.035	0.635	41.855	0.786	1.044	1345	606	31.661	0.643	1.631	0.613	0.963
43	0.545	8.159	4.358	3.008	1.049	0.661	115.106	0.757	1.049	1085	521	103.055	0.675	1.586	0.630	0.953
44	0.334	12.753	4.133	2.339	0.812	0.523	165.261	0.766	0.823	1673	529	157.816	0.539	1.553	0.644	0.952
45	2.192E-4	6.247	3.893	0.042	0.017	0.017	0.000	1.000	0.021	843	525	135.000	0.015	1.000	1.000	1.000
46	0.795	1.704	4.462	3.741	1.218	0.831	29.382	0.714	1.281	154	650	22.416	0.858	1.465	0.682	0.954
47	4.931E-4	4.548	4.067	0.071	0.025	0.025	0.000	1.000	0.031	613	548	135.000	0.022	1.000	1.000	1.000
48	0.686	6.317	4.466	3.307	1.183	0.739	172.296	0.788	1.214	775	584	165.879	0.743	1.601	0.625	0.972
49	8.766E-4	4.748	4.123	0.099	0.037	0.030	0.000	1.000	0.040	639	556	158.199	0.030	1.209	0.827	0.889
50	0.560	3.964	4.733	3.113	1.049	0.680	157.299	0.726	1.075	488	586	138.629	0.685	1.542	0.649	0.950
51	0.015	22.810	4.630	0.463	0.159	0.120	176.986	0.877	0.166	3070	623	159.146	0.126	1.322	0.756	0.937
52	2.192E-4	1.125	4.626	0.042	0.017	0.017	0.000	1.000	0.021	151	624	135.000	0.015	1.000	1.000	1.000
53	1.096E-4	18.138	4.685	0.036	0.017	0.008	90.000	1.000	0.017	2450	632	116.565	0.007	2.000	0.500	1.000
54	9.314E-4	14.909	4.704	0.112	0.048	0.024	4.308	0.941	0.050	2011	637	26.565	0.022	1.977	0.506	0.971
55	2.192E-4	8.475	4.752	0.042	0.017	0.017	0.000	1.000	0.021	1144	641	135.000	0.015	1.000	1.000	1.000
56	7.123E-4	15.493	4.775	0.088	0.032	0.028	135.000	1.000	0.037	2092	643	126.870	0.030	1.159	0.863	0.897
57	3.835E-4	15.553	4.771	0.063	0.023	0.021	90.000	1.000	0.027	2100	643	123.690	0.022	1.069	0.936	0.875
58	0.001	17.289	4.812	0.128	0.050	0.031	7.209	0.922	0.054	2332	651	15.945	0.030	1.620	0.617	0.898
59	0.359	24.521	5.307	2.352	0.824	0.555	48.562	0.816	0.858	3274	763	55.899	0.570	1.485	0.674	0.967
60	4.931E-4	9.352	4.946	0.078	0.029	0.022	69.699	1.000	0.033	1262	670	63.435	0.022	1.340	0.746	0.857
61	5.479E-4	14.594	4.970	0.078	0.029	0.024	0.000	1.000	0.033	1970	670	153.435	0.022	1.236	0.809	0.909
62	8.766E-4	5.078	5.037	0.099	0.037	0.030	90.000	1.000	0.040	685	678	111.801	0.030	1.209	0.827	0.889
63	7.123E-4	10.912	5.055	0.099	0.040	0.023	28.155	0.922	0.043	1472	685	30.964	0.026	1.740	0.575	0.812
64	0.300	22.511	5.455	2.213	0.675	0.565	121.127	0.769	0.744	2998	699	131.775	0.590	1.194	0.837	0.957
65	0.238	26.347	5.517	1.942	0.623	0.486	135.283	0.793	0.660	3522	719	137.726	0.512	1.283	0.780	0.949
66	0.369	13.860	5.544	2.591	0.934	0.503	20.121	0.691	0.931	1818	783	24.934	0.496	1.856	0.539	0.941
67	0.342	20.724	5.606	2.339	0.761	0.573	139.084	0.786	0.785	2747	749	159.001	0.589	1.328	0.753	0.945
68	0.399	28.129	5.646	2.577	0.925	0.549	166.512	0.755	0.943	3738	766	175.498	0.589	1.684	0.594	0.963
69	0.424	19.216	5.821	2.610	0.805	0.670	152.319	0.782	0.862	2557	743	129.428	0.683	1.202	0.832	0.948
70	0.307	17.636	5.760	2.121	0.669	0.584	8.933	0.857	0.684	2338	776	174.413	0.587	1.145	0.873	0.965
71	0.251	12.196	5.749	2.057	0.721	0.442	174.691	0.744	0.754	1594	771	166.373	0.459	1.630	0.613	0.957
72	0.369	10.607	5.898	2.661	0.927	0.507	133.103	0.655	0.995	1379	757	133.794	0.564	1.829	0.547	0.923
73	1.096E-4	3.475	5.559	0.036	0.017	0.008	90.000	1.000	0.017	469	750	116.565	0.007	2.000	0.500	1.000
74	0.483	15.648	5.911	2.728	0.864	0.711	0.451	0.815	0.905	2056	774	147.349	0.703	1.215	0.823	0.967
75	0.311	9.004	6.009	2.316	0.859	0.461	92.727	0.727	0.868	1205	870	86.088	0.476	1.865	0.536	0.951
76	0.001	1.677	5.603	0.128	0.045	0.039	100.870	1.000	0.050	225	754	116.565	0.037	1.147	0.872	0.909
77	0.003	6.897	5.753	0.201	0.072	0.057	131.036	1.000	0.076	929	773	119.055	0.063	1.258	0.795	0.901
78	0.373	1.538	6.315	2.528	0.909	0.523	55.903	0.735	0.930	157	890	49.844	0.540	1.739	0.575	0.953
79	0.431	7.120	6.227	2.665	0.927	0.592	0.541	0.762	0.959	899	842	5.315	0.622	1.568	0.638	0.947
80	0.365	5.624	6.340	2.623	0.999	0.465	148.836	0.666	0.970	699	846	164.055	0.487	2.147	0.466	0.943
81	0.184	2.536	6.454	1.856	0.680	0.344	65.413	0.670	0.684	318	914	51.147	0.353	1.980	0.505	0.940
82	0.409	3.805	6.511	2.586	0.835	0.624	178.741	0.768	0.869	460	879	171.180	0.638	1.338	0.747	0.938
83	0.266	25.970	6.799	2.131	0.739	0.458	127.086	0.736	0.786	3487	865	119.946	0.471	1.613	0.620	0.952
84	0.301	28.209	6.950	2.326	0.814	0.470	127.102	0.699	0.871	3779	883	115.694	0.520	1.732	0.577	0.946
85	8.218E-4	4.807	6.602	0.099	0.037	0.028	9.462	1.000	0.040	647	891	158.199	0.030	1.295	0.772	0.857
86	0.002	16.858	6.630	0.160	0.056	0.038	56.949	0.838	0.064	2275	899	54.462	0.043	1.473	0.679	0.827
87	0.187	24.416	6.772	1.861	0.739	0.322	177.650	0.679	0.742	3247	912	176.566	0.335	2.292	0.436	0.928
88	3.287E-4	3.201	6.632	0.057	0.025	0.017	0.000	1.000	0.027	431	895	146.310	0.015	1.500	0.667	1.000
89	0.001	1.254	6.656	0.140	0.058	0.026	148.422	0.768	0.060	166	897	150.255	0.032	2.223	0.450	0.772
90	0.310	19.850	6.973	2.195	0.731	0.540	13.190	0.809	0.752	2629	947	6.216	0.560	1.353	0.739	0.960
91	0.237	23.068	7.047	1.890	0.655	0.461	129.761	0.834	0.688	3083	916	139.800	0.491	1.418	0.705	0.964
92	9.314E-4	5.525	6.787	0.103	0.039	0.031	164.828	1.000	0.043	744	915	149.036	0.030	1.263	0.792	0.919
93	0.180	27.056	7.031	1.766	0.613	0.373	145.554	0.724	0.638	3619	924	142.067	0.392	1.643	0.609	0.923
94	1.644E-4	3.922	6.818	0.042	0.018	0.012	135.000	1.000	0.021	529	920	135.000	0.015	1.464	0.683	0.857
95	0.207	21.309	7.074	1.799	0.593	0.444	41.853	0.804	0.642	2847	983	39.382	0.469	1.335	0.749	0.949
96	1.096E-4	18.472	6.891	0.036	0.017	0.008	90.000	1.000	0.017	2495	930	116.565	0.007	2.000	0.500	1.000
97	0.214	13.651	7.193	1.860	0.559	0.487	40.759	0.776	0.632	1810	997	38.346	0.512	1.149	0.870	0.931
98	5.479E-4	2.506	7.059	0.082	0.029	0.024	90.000	1.000	0.033	337	952	116.565	0.022	1.236	0.809	0.909
99	0.221	12.100	7.401	1.963	0.687	0.409	60.054	0.721	0.737	1610	1036	54.395	0.453	1.679	0.596	0.951
100	0.354	10.430	7.511	2.366	0.797	0.566	58.935	0.795	0.816	1364	1051	36.142	0.568	1.408	0.710	0.953
101	0.279	18.142	7.477	2.127	0.750	0.474	124.138	0.776	0.753	2422	968	129.012	0.512	1.580	0.633	0.946
102	0.001	4.357	7.178	0.128	0.043	0.037	12.656	0.964	0.050	586	972	26.565	0.037	1.174	0.852	0.885
103	0.006	14.324	7.259	0.407	0.193	0.041	125.506	0.469	0.191	1928	970	125.538	0.050	4.720	0.212	0.813
104	0.251	15.213	7.400	2.087	0.765	0.419	168.550	0.725	0.760	2003	985	157.681	0.439	1.827	0.547	0.955
105	0.258	16.689	7.462	2.210	0.700	0.470	17.399	0.664	0.768	2209	1001	172.807	0.463	1.489	0.672	0.915
106	4.931E-4	19.050	7.319	0.078	0.029	0.022	69.699	1.000	0.033	2573	991	63.435	0.022	1.340	0.746	0.857
107	0.208	8.696	7.611	1.782	0.563	0.470	78.481	0.823	0.583	1145	1050	40.365	0.472	1.198	0.834	0.952
108	0.348	5.152	7.846	2.441	0.788	0.563	107.722	0.734	0.850	664	1008	109.855	0.606	1.400	0.714	0.927
109	0.232	3.427	7.854	1.985	0.676	0.437	95.825	0.741	0.703	461	1009	106.526	0.454	1.545	0.647	0.944
110	8.218E-4	7.627	7.542	0.099	0.034	0.030	14.036	1.000	0.040	1028	1020	21.801	0.030	1.127	0.887	0.857
111	0.002	17.179	7.597	0.182	0.077	0.030	138.319	0.684	0.080	2316	1023	146.310	0.037	2.559	0.391	0.786
112	2.192E-4	19.319	7.668	0.042	0.017	0.017	0.000	1.000	0.021	2609	1035	135.000	0.015	1.000	1.000	1.000
113	0.319	6.830	7.897	2.496	1.002	0.405	16.013	0.644	1.013	857	1078	13.528	0.433	2.473	0.404	0.956
114	6.575E-4	9.328	7.767	0.099	0.037	0.023	111.960	0.851	0.040	1259	1047	111.801	0.026	1.606	0.623	0.774
115	2.192E-4	16.386	7.828	0.057	0.020	0.014	90.000	0.857	0.023	2213	1056	108.435	0.015	1.468	0.681	0.800
116	0.140	2.469	8.124	1.496	0.501	0.355	64.579	0.785	0.501	309	1124	51.605	0.377	1.409	0.710	0.944
117	0.249	1.404	8.172	1.992	0.678	0.468	163.293	0.790	0.710	145	1088	168.573	0.472	1.446	0.691	0.952
118	1.096E-4	9.452	7.957	0.042	0.019	0.007	45.000	0.785	0.021	1276	1076	45.000	0.010	2.646	0.378	0.667
119	3.287E-4	10.363	8.050	0.057	0.025	0.017	90.000	1.000	0.027	1399	1086	123.690	0.015	1.500	0.667	1.000
120	0.151	28.244	8.341	1.611	0.611	0.314	100.913	0.730	0.614	3806	1088	105.376	0.333	1.943	0.515	0.950
121	0.203	25.877	8.378	1.735	0.565	0.458	94.432	0.847	0.591	3483	1094	98.637	0.452	1.235	0.809	0.964
122	0.171	22.922	8.403	1.697	0.536	0.405	166.533	0.745	0.598	3059	1123	158.199	0.408	1.324	0.755	0.919
123	0.237	24.510	8.489	1.871	0.565	0.535	51.806	0.851	0.613	3274	1160	29.659	0.528	1.056	0.947	0.970
124	0.001	14.814	8.277	0.128	0.054	0.028	5.516	0.922	0.056	1998	1120	23.199	0.030	1.922	0.520	0.880
125	0.118	26.858	8.487	1.344	0.467	0.323	160.872	0.823	0.473	3597	1140	162.699	0.329	1.445	0.692	0.951
126	0.223	21.356	8.522	1.951	0.744	0.381	168.876	0.735	0.733	2836	1136	156.801	0.388	1.955	0.511	0.963
127	0.110	19.731	8.533	1.371	0.485	0.289	155.338	0.737	0.495	2642	1132	148.449	0.299	1.676	0.597	0.930
128	1.644E-4	12.469	8.375	0.051	0.025	0.008	90.000	0.809	0.023	1684	1130	108.435	0.007	3.000	0.333	1.000
129	3.287E-4	15.518	8.401	0.057	0.025	0.017	0.000	1.000	0.027	2095	1134	146.310	0.015	1.500	0.667	1.000
130	0.262	11.830	8.770	2.052	0.698	0.477	111.817	0.781	0.755	1570	1143	118.072	0.517	1.462	0.684	0.958
131	0.205	15.093	8.753	1.739	0.551	0.474	137.684	0.852	0.582	2007	1154	131.392	0.501	1.162	0.860	0.969
132	1.644E-4	15.422	8.523	0.051	0.025	0.008	90.000	0.809	0.023	2083	1150	108.435	0.007	3.000	0.333	1.000
133	1.096E-4	14.489	8.549	0.036	0.017	0.008	90.000	1.000	0.017	1957	1154	116.565	0.007	2.000	0.500	1.000
134	0.244	16.524	8.844	1.954	0.633	0.490	154.821	0.802	0.679	2190	1167	159.590	0.512	1.293	0.773	0.950
135	0.181	17.981	8.865	1.822	0.710	0.325	151.167	0.687	0.713	2387	1175	149.444	0.321	2.184	0.458	0.953
136	0.205	13.421	8.971	1.790	0.580	0.451	67.542	0.806	0.609	1780	1240	48.945	0.451	1.284	0.779	0.957
137	0.237	8.478	9.027	2.075	0.808	0.374	31.630	0.693	0.795	1099	1250	32.062	0.394	2.161	0.463	0.937
138	0.216	10.238	8.984	1.817	0.639	0.430	15.849	0.821	0.649	1339	1226	27.150	0.448	1.485	0.673	0.966
139	2.739E-4	15.943	8.811	0.057	0.023	0.015	71.565	1.000	0.027	2153	1192	56.310	0.015	1.553	0.644	0.909
140	0.283	6.628	9.434	2.327	0.955	0.377	164.190	0.656	0.950	833	1252	161.847	0.388	2.532	0.395	0.952
141	0.112	4.981	9.493	1.381	0.398	0.359	107.140	0.740	0.459	664	1313	72.150	0.353	1.109	0.902	0.919
142	0.196	3.395	9.681	1.899	0.650	0.384	38.334	0.683	0.693	424	1333	40.668	0.411	1.694	0.590	0.924
143	0.126	25.487	9.714	1.370	0.470	0.341	57.930	0.842	0.488	3434	1345	75.964	0.345	1.381	0.724	0.957
144	0.107	2.334	9.837	1.292	0.431	0.316	95.763	0.805	0.447	314	1297	106.336	0.318	1.363	0.734	0.951
145	0.287	1.239	9.965	2.100	0.684	0.534	171.070	0.817	0.713	121	1346	9.560	0.525	1.281	0.780	0.957
146	0.115	26.820	9.932	1.431	0.452	0.324	134.180	0.705	0.480	3593	1332	146.310	0.367	1.397	0.716	0.922
147	0.179	28.140	9.939	1.693	0.569	0.401	178.642	0.786	0.582	3763	1326	165.256	0.399	1.419	0.705	0.956
148	0.133	24.141	9.995	1.464	0.462	0.367	177.415	0.782	0.515	3227	1351	167.560	0.385	1.259	0.795	0.947
149	0.146	22.873	10.072	1.529	0.534	0.347	66.367	0.783	0.562	3076	1397	69.179	0.367	1.538	0.650	0.937
150	0.181	21.064	10.067	2.002	0.810	0.285	6.843	0.569	0.819	2786	1375	6.226	0.312	2.841	0.352	0.936
151	2.192E-4	2.842	9.948	0.042	0.017	0.017	0.000	1.000	0.021	383	1343	135.000	0.015	1.000	1.000	1.000
152	6.027E-4	26.073	9.964	0.082	0.032	0.024	105.071	1.000	0.037	3521	1344	126.870	0.022	1.372	0.729	0.957
153	0.146	14.820	10.276	1.502	0.486	0.383	81.183	0.814	0.513	1995	1355	110.266	0.380	1.269	0.788	0.954
154	0.133	19.475	10.223	1.461	0.489	0.347	4.810	0.785	0.515	2597	1390	15.832	0.369	1.409	0.710	0.937
155	0.164	17.765	10.331	1.689	0.629	0.333	149.182	0.724	0.657	2367	1369	144.162	0.341	1.892	0.528	0.953
156	0.169	13.406	10.315	1.718	0.582	0.371	168.033	0.721	0.588	1770	1398	169.114	0.370	1.571	0.637	0.943
157	0.142	11.732	10.297	1.509	0.505	0.359	2.933	0.785	0.511	1549	1395	177.510	0.355	1.410	0.709	0.943
158	0.156	4.637	10.334	1.683	0.627	0.318	165.704	0.694	0.674	581	1381	162.759	0.351	1.974	0.507	0.938
159	0.123	16.258	10.341	1.401	0.455	0.345	22.064	0.788	0.494	2170	1410	23.875	0.372	1.319	0.758	0.949
160	0.167	10.180	10.518	1.652	0.497	0.427	179.533	0.768	0.534	1342	1439	10.376	0.452	1.162	0.861	0.945
161	0.219	8.332	10.607	1.805	0.583	0.477	146.457	0.843	0.606	1086	1426	171.573	0.476	1.222	0.818	0.957
162	0.003	1.784	10.538	0.180	0.063	0.052	26.463	0.993	0.070	237	1426	32.005	0.056	1.212	0.825	0.887
163	0.161	6.538	10.916	1.665	0.598	0.343	5.695	0.731	0.608	840	1473	170.194	0.360	1.744	0.574	0.950
164	0.274	2.388	11.117	2.101	0.714	0.489	173.932	0.780	0.732	275	1511	14.036	0.509	1.460	0.685	0.954
165	1.644E-4	24.541	10.907	0.051	0.025	0.008	90.000	0.809	0.023	3315	1472	108.435	0.007	3.000	0.333	1.000
166	0.119	3.577	11.151	1.367	0.444	0.341	146.816	0.798	0.472	455	1496	147.804	0.359	1.302	0.768	0.939
167	0.158	1.222	11.149	1.685	0.571	0.353	6.224	0.701	0.600	122	1513	12.836	0.395	1.615	0.619	0.927
168	7.670E-4	3.966	11.044	0.092	0.032	0.031	90.000	1.000	0.037	534	1490	126.870	0.030	1.020	0.981	0.933
169	2.192E-4	4.152	11.207	0.042	0.017	0.017	0.000	1.000	0.021	560	1513	135.000	0.015	1.000	1.000	1.000
170	0.175	25.271	11.420	1.658	0.567	0.394	6.099	0.802	0.607	3377	1555	12.680	0.415	1.438	0.695	0.964
171	0.090	28.118	11.428	1.176	0.401	0.287	78.915	0.822	0.410	3797	1515	96.226	0.296	1.400	0.714	0.958
172	0.155	17.585	11.449	1.525	0.515	0.383	148.581	0.837	0.528	2344	1526	157.751	0.402	1.346	0.743	0.962
173	0.149	24.203	11.545	1.595	0.588	0.322	52.577	0.733	0.589	3247	1595	50.102	0.324	1.826	0.547	0.941
174	0.107	26.217	11.523	1.278	0.457	0.298	134.483	0.823	0.460	3524	1533	126.501	0.312	1.533	0.652	0.950
175	0.131	27.123	11.539	1.554	0.537	0.311	171.605	0.682	0.579	3627	1546	163.652	0.326	1.725	0.580	0.913
176	0.124	21.684	11.607	1.401	0.509	0.310	24.251	0.793	0.510	2898	1584	23.962	0.318	1.643	0.609	0.952
177	0.131	11.330	11.703	1.401	0.471	0.355	96.536	0.838	0.471	1519	1552	112.135	0.361	1.328	0.753	0.953
178	0.159	12.838	11.747	1.574	0.498	0.407	42.964	0.808	0.532	1700	1602	21.209	0.418	1.222	0.819	0.943
179	0.109	22.952	11.649	1.296	0.437	0.317	8.643	0.815	0.462	3070	1583	15.819	0.325	1.377	0.726	0.946
180	0.157	14.039	11.690	1.604	0.605	0.331	167.900	0.768	0.617	1854	1570	169.634	0.342	1.830	0.546	0.956
181	0.117	15.269	11.676	1.427	0.560	0.267	171.412	0.723	0.574	2024	1571	173.333	0.281	2.099	0.476	0.954
182	0.001	3.698	11.574	0.118	0.041	0.037	134.999	1.000	0.047	498	1561	128.660	0.037	1.101	0.908	0.936
183	0.163	16.449	11.715	1.768	0.681	0.305	2.137	0.655	0.696	2180	1592	8.561	0.318	2.233	0.448	0.937
184	0.130	20.349	11.732	1.414	0.510	0.325	162.812	0.818	0.520	2718	1569	160.017	0.343	1.569	0.637	0.955
185	0.153	10.162	11.838	1.682	0.573	0.339	179.538	0.678	0.620	1329	1601	168.288	0.360	1.689	0.592	0.925
186	0.129	19.134	11.785	1.497	0.566	0.291	9.828	0.726	0.552	2550	1603	17.949	0.298	1.947	0.514	0.947
187	0.190	4.986	12.031	1.765	0.582	0.417	101.344	0.769	0.604	659	1586	109.323	0.414	1.397	0.716	0.939
188	0.130	8.847	11.929	1.469	0.533	0.311	179.601	0.758	0.552	1158	1611	173.066	0.318	1.714	0.583	0.945
189	0.165	6.432	11.986	1.626	0.571	0.369	13.144	0.785	0.592	830	1630	18.208	0.379	1.547	0.646	0.949
190	0.113	7.649	12.073	1.342	0.478	0.301	159.661	0.789	0.501	1000	1621	161.030	0.314	1.588	0.630	0.952
191	1.096E-4	18.760	11.954	0.036	0.017	0.008	90.000	1.000	0.017	2534	1614	116.565	0.007	2.000	0.500	1.000
192	0.212	3.674	12.370	1.914	0.751	0.359	49.271	0.726	0.734	456	1702	41.730	0.362	2.094	0.478	0.949
193	0.002	16.912	12.351	0.149	0.054	0.043	121.372	1.000	0.060	2283	1665	119.745	0.044	1.267	0.789	0.892
194	0.027	20.566	12.403	0.648	0.227	0.153	179.738	0.821	0.239	2762	1675	172.875	0.163	1.482	0.675	0.921
195	0.099	26.797	12.510	1.243	0.429	0.294	153.431	0.805	0.448	3596	1675	149.199	0.316	1.460	0.685	0.946
196	0.073	27.934	12.475	1.073	0.404	0.230	160.397	0.796	0.412	3749	1676	158.962	0.240	1.755	0.570	0.953
197	0.091	25.056	12.562	1.307	0.503	0.231	150.879	0.671	0.506	3355	1680	159.444	0.258	2.180	0.459	0.896
198	0.066	25.996	12.554	1.018	0.348	0.242	92.435	0.802	0.370	3511	1672	101.535	0.252	1.439	0.695	0.947
199	0.003	9.831	12.434	0.195	0.069	0.052	47.933	0.921	0.074	1324	1683	36.870	0.058	1.321	0.757	0.887
200	0.087	2.425	12.575	1.161	0.398	0.280	8.326	0.816	0.408	307	1714	29.358	0.281	1.420	0.704	0.959
201	0.112	1.247	12.626	1.376	0.498	0.287	11.324	0.746	0.506	134	1715	15.255	0.300	1.734	0.577	0.937
202	0.139	23.744	12.783	1.463	0.446	0.395	121.559	0.814	0.485	3200	1693	102.339	0.393	1.129	0.885	0.943
203	0.087	21.769	12.829	1.161	0.388	0.285	86.618	0.812	0.401	2930	1708	112.782	0.281	1.362	0.734	0.944
204	0.008	5.204	12.816	0.316	0.102	0.094	142.918	0.947	0.115	698	1725	135.000	0.096	1.091	0.916	0.935
205	0.088	17.017	13.017	1.233	0.385	0.290	64.233	0.727	0.419	2283	1785	47.862	0.296	1.327	0.753	0.918
206	0.109	18.925	13.029	1.240	0.389	0.356	134.344	0.889	0.399	2553	1732	105.068	0.361	1.093	0.915	0.961
207	0.162	14.760	13.042	1.640	0.607	0.340	164.410	0.757	0.609	1960	1743	154.058	0.354	1.787	0.559	0.954
208	0.076	19.916	12.995	1.070	0.319	0.303	9.972	0.835	0.354	2680	1734	127.349	0.296	1.053	0.949	0.957
209	0.091	21.132	13.042	1.172	0.409	0.282	56.342	0.829	0.430	2839	1787	49.185	0.289	1.450	0.689	0.960
210	0.114	13.516	13.075	1.373	0.430	0.337	10.232	0.758	0.483	1791	1772	15.101	0.367	1.277	0.783	0.941
211	0.111	11.164	13.115	1.333	0.477	0.297	31.401	0.787	0.484	1484	1795	38.797	0.314	1.609	0.622	0.940
212	0.098	17.866	13.062	1.341	0.522	0.240	6.030	0.688	0.540	2377	1775	13.465	0.252	2.177	0.459	0.942
213	0.112	12.420	13.134	1.307	0.414	0.344	145.959	0.823	0.448	1649	1762	145.784	0.353	1.204	0.831	0.947
214	0.081	15.828	13.108	1.177	0.385	0.267	158.896	0.733	0.417	2114	1753	146.592	0.289	1.443	0.693	0.937
215	0.001	3.520	13.088	0.113	0.042	0.033	137.080	1.000	0.047	473	1766	128.660	0.037	1.282	0.780	0.909
216	0.142	5.139	13.306	1.503	0.550	0.328	137.666	0.787	0.556	665	1775	139.316	0.335	1.679	0.596	0.956
217	0.047	8.714	13.263	0.873	0.275	0.216	141.071	0.771	0.316	1160	1779	147.426	0.236	1.272	0.786	0.922
218	0.117	10.069	13.307	1.369	0.483	0.308	11.882	0.782	0.510	1327	1801	13.431	0.326	1.569	0.637	0.948
219	0.112	6.483	13.365	1.313	0.468	0.305	19.070	0.818	0.477	845	1817	23.782	0.315	1.537	0.651	0.949
220	0.046	9.195	13.340	0.850	0.314	0.186	142.746	0.799	0.329	1224	1790	144.162	0.198	1.682	0.594	0.929
221	0.103	7.601	13.442	1.337	0.449	0.293	172.075	0.727	0.452	1003	1797	145.008	0.311	1.533	0.652	0.917
222	0.101	3.723	13.526	1.264	0.428	0.300	4.390	0.794	0.448	478	1843	22.329	0.303	1.427	0.701	0.936
223	0.120	2.471	13.633	1.357	0.463	0.331	28.521	0.821	0.475	308	1864	37.405	0.330	1.398	0.716	0.961
224	0.138	25.360	13.730	1.509	0.498	0.352	67.238	0.759	0.553	3406	1887	69.624	0.387	1.413	0.708	0.944
225	0.140	27.595	13.736	1.993	0.718	0.248	7.819	0.442	0.717	3677	1863	7.712	0.309	2.900	0.345	0.788
226	0.008	8.891	13.630	0.322	0.113	0.088	70.864	0.945	0.117	1197	1848	55.305	0.089	1.290	0.775	0.931
227	0.094	1.321	13.773	1.210	0.435	0.275	150.670	0.806	0.446	156	1841	144.462	0.291	1.580	0.633	0.945
228	0.059	26.216	13.783	0.934	0.298	0.254	6.058	0.856	0.318	3521	1856	155.225	0.258	1.177	0.850	0.941
229	0.062	23.483	13.822	0.953	0.304	0.260	79.548	0.862	0.316	3167	1847	106.314	0.271	1.168	0.856	0.949
230	0.001	5.056	13.697	0.119	0.046	0.034	31.201	1.000	0.050	680	1852	26.565	0.037	1.361	0.735	0.880
231	0.057	24.228	13.799	0.940	0.336	0.214	148.563	0.805	0.355	3252	1850	148.627	0.235	1.570	0.637	0.937
232	0.001	17.377	13.757	0.118	0.042	0.035	126.136	1.000	0.047	2346	1856	128.660	0.037	1.182	0.846	0.913
233	0.068	22.750	13.913	1.038	0.339	0.256	15.778	0.794	0.368	3049	1894	22.443	0.264	1.327	0.753	0.951
234	0.107	19.402	14.047	1.307	0.462	0.295	96.785	0.789	0.481	2616	1864	104.250	0.311	1.566	0.639	0.958
235	0.109	21.437	13.982	1.315	0.400	0.346	163.573	0.791	0.446	2865	1889	4.764	0.339	1.156	0.865	0.940
236	0.147	14.836	14.093	1.516	0.492	0.382	177.840	0.807	0.510	1972	1892	160.514	0.387	1.287	0.777	0.955
237	0.139	13.549	14.143	1.544	0.501	0.353	11.569	0.732	0.522	1795	1911	172.674	0.367	1.418	0.705	0.946
238	0.076	18.436	14.121	1.079	0.365	0.265	169.637	0.818	0.388	2464	1902	156.371	0.280	1.377	0.726	0.943
239	0.046	20.233	14.104	0.832	0.263	0.224	56.975	0.840	0.288	2719	1918	43.958	0.225	1.171	0.854	0.954
240	0.100	9.950	14.186	1.250	0.386	0.330	154.608	0.807	0.414	1326	1897	131.379	0.338	1.169	0.855	0.940
241	0.099	17.621	14.138	1.518	0.524	0.241	4.921	0.540	0.573	2348	1920	14.216	0.251	2.180	0.459	0.880
242	0.110	11.626	14.216	1.328	0.459	0.305	45.776	0.784	0.497	1547	1944	43.191	0.324	1.503	0.665	0.952
243	9.862E-4	12.918	14.034	0.118	0.045	0.028	20.874	0.895	0.050	1742	1897	26.565	0.030	1.639	0.610	0.878
244	0.093	16.678	14.208	1.222	0.361	0.327	150.088	0.781	0.405	2227	1916	158.587	0.348	1.104	0.905	0.944
245	0.073	15.776	14.194	1.090	0.393	0.238	154.023	0.777	0.424	2105	1904	150.751	0.263	1.654	0.605	0.943
246	0.091	12.622	14.228	1.197	0.394	0.296	176.324	0.803	0.429	1680	1911	158.749	0.313	1.329	0.752	0.923
247	0.067	9.157	14.263	1.099	0.367	0.233	48.456	0.699	0.392	1216	1946	31.891	0.265	1.579	0.633	0.914
248	0.073	10.874	14.273	1.056	0.311	0.299	17.197	0.826	0.333	1456	1946	53.130	0.303	1.040	0.962	0.933
249	0.165	7.545	14.475	1.633	0.561	0.375	102.925	0.778	0.598	1011	1918	102.144	0.404	1.496	0.669	0.939
250	0.002	17.136	14.235	0.168	0.062	0.045	15.089	0.973	0.066	2311	1925	26.565	0.044	1.371	0.730	0.920
251	0.089	4.969	14.368	1.265	0.471	0.242	176.675	0.703	0.492	637	1935	173.089	0.264	1.950	0.513	0.928
252	4.931E-4	18.036	14.265	0.078	0.029	0.022	110.301	1.000	0.033	2436	1925	116.565	0.022	1.340	0.746	0.857
253	0.001	15.231	14.274	0.119	0.042	0.035	168.690	1.000	0.047	2055	1927	161.565	0.037	1.183	0.846	0.857
254	0.105	8.684	14.451	1.300	0.440	0.303	147.652	0.777	0.449	1143	1945	171.469	0.304	1.453	0.688	0.937
255	0.096	6.137	14.497	1.200	0.359	0.341	174.783	0.840	0.388	807	1976	48.094	0.340	1.053	0.949	0.952
256	0.013	15.124	14.440	0.420	0.150	0.106	63.479	0.893	0.157	2039	1960	70.710	0.113	1.413	0.708	0.935
257	1.644E-4	16.271	14.373	0.042	0.018	0.012	135.000	1.000	0.021	2197	1941	135.000	0.015	1.464	0.683	0.857
258	1.096E-4	16.769	14.419	0.036	0.017	0.008	90.000	1.000	0.017	2265	1947	116.565	0.007	2.000	0.500	1.000
259	0.139	2.402	14.664	1.480	0.460	0.384	110.967	0.796	0.505	313	1949	124.854	0.386	1.198	0.835	0.948
260	0.100	1.211	14.672	1.304	0.410	0.309	159.302	0.736	0.447	133	1970	151.314	0.336	1.326	0.754	0.907
261	0.110	3.619	14.687	1.379	0.453	0.309	178.940	0.726	0.476	465	1967	159.027	0.341	1.465	0.683	0.936
262	7.123E-4	4.546	14.612	0.088	0.032	0.028	135.000	1.000	0.037	613	1972	126.870	0.030	1.159	0.863	0.897
263	0.009	5.636	14.752	0.362	0.135	0.082	169.810	0.842	0.143	753	1989	158.749	0.089	1.642	0.609	0.914
264	0.051	26.680	14.955	0.887	0.290	0.223	88.214	0.813	0.321	3598	1999	97.943	0.237	1.298	0.771	0.939
265	0.055	24.619	14.920	0.938	0.348	0.200	162.886	0.782	0.356	3303	2007	167.989	0.213	1.742	0.574	0.945
266	0.050	22.466	15.016	0.880	0.302	0.209	19.314	0.803	0.323	3016	2035	15.945	0.217	1.447	0.691	0.931
267	0.033	15.660	15.064	0.765	0.279	0.151	118.369	0.711	0.302	2106	2020	120.964	0.175	1.847	0.541	0.904
268	0.041	20.278	15.124	0.776	0.245	0.215	149.405	0.865	0.265	2723	2035	162.072	0.224	1.142	0.876	0.942
269	0.069	13.423	15.179	1.091	0.371	0.238	31.423	0.732	0.392	1789	2062	31.891	0.256	1.559	0.641	0.903
270	0.002	15.081	15.031	0.149	0.053	0.044	4.698	1.000	0.056	2034	2029	156.801	0.044	1.213	0.825	0.904
271	0.001	11.276	15.054	0.134	0.048	0.038	53.326	0.993	0.053	1520	2035	33.690	0.042	1.270	0.787	0.881
272	0.037	15.396	15.156	0.745	0.252	0.187	34.008	0.836	0.269	2062	2051	20.925	0.191	1.345	0.743	0.934
273	0.041	23.083	15.181	0.795	0.261	0.199	38.099	0.813	0.292	3101	2060	30.466	0.209	1.311	0.763	0.940
274	0.098	23.665	15.266	1.229	0.419	0.298	138.030	0.818	0.446	3175	2041	139.708	0.308	1.405	0.712	0.956
275	0.061	10.861	15.218	0.970	0.331	0.234	168.260	0.811	0.354	1442	2050	160.427	0.244	1.413	0.708	0.948
276	0.001	14.059	15.138	0.112	0.041	0.032	167.179	1.000	0.047	1897	2043	141.340	0.030	1.273	0.785	0.974
277	0.092	21.308	15.338	1.285	0.488	0.240	134.369	0.701	0.493	2855	2049	131.348	0.261	2.032	0.492	0.922
278	0.072	4.117	15.338	1.064	0.355	0.257	113.670	0.794	0.382	548	2049	111.595	0.288	1.384	0.723	0.933
279	0.073	6.060	15.359	1.064	0.385	0.240	109.645	0.807	0.384	814	2050	105.642	0.250	1.604	0.623	0.948
280	0.053	5.024	15.324	0.882	0.297	0.226	112.643	0.851	0.310	665	2053	123.311	0.229	1.315	0.761	0.952
281	0.055	11.570	15.317	0.890	0.299	0.233	18.522	0.867	0.312	1544	2079	31.430	0.244	1.284	0.779	0.950
282	0.053	17.009	15.343	0.883	0.271	0.247	17.648	0.848	0.293	2279	2072	169.824	0.255	1.100	0.909	0.943
283	0.041	5.518	15.344	0.806	0.276	0.190	58.223	0.797	0.295	734	2088	51.116	0.200	1.450	0.690	0.927
284	0.002	26.421	15.258	0.164	0.062	0.043	46.964	0.974	0.068	3566	2064	40.601	0.047	1.466	0.682	0.916
285	0.004	8.860	15.277	0.227	0.081	0.061	122.842	0.951	0.086	1194	2059	120.964	0.068	1.314	0.761	0.887
286	0.049	18.123	15.374	0.915	0.349	0.178	158.231	0.734	0.374	2427	2066	155.462	0.199	1.956	0.511	0.938
287	0.073	11.287	15.506	1.187	0.372	0.250	119.130	0.652	0.419	1522	2064	110.674	0.283	1.490	0.671	0.852
288	0.133	14.555	15.472	1.851	0.620	0.273	179.785	0.488	0.656	1927	2108	11.056	0.334	2.271	0.440	0.810
289	0.146	9.219	15.536	2.346	0.565	0.330	152.867	0.334	0.676	1200	2086	156.801	0.448	1.714	0.583	0.699
290	0.075	8.113	15.448	1.140	0.376	0.256	179.822	0.730	0.415	1068	2090	176.934	0.281	1.472	0.679	0.909
291	0.060	19.213	15.511	0.977	0.345	0.220	123.307	0.785	0.364	2577	2077	127.569	0.229	1.567	0.638	0.936
292	0.108	7.097	15.537	1.274	0.413	0.334	4.848	0.838	0.434	929	2095	171.180	0.342	1.238	0.808	0.946
293	0.093	3.609	15.599	1.203	0.375	0.316	109.179	0.808	0.398	478	2081	108.435	0.330	1.188	0.842	0.935
294	0.001	5.372	15.438	0.115	0.041	0.034	26.012	1.000	0.047	723	2087	18.435	0.037	1.203	0.831	0.851
295	0.005	10.877	15.476	0.265	0.088	0.076	135.610	0.941	0.097	1466	2085	122.471	0.081	1.155	0.866	0.914
296	0.066	5.654	15.581	1.020	0.352	0.240	26.200	0.799	0.375	740	2113	22.011	0.262	1.468	0.681	0.943
297	0.082	8.616	15.715	1.136	0.341	0.308	2.720	0.803	0.378	1138	2118	156.949	0.317	1.107	0.903	0.944
298	0.003	25.834	15.575	0.191	0.075	0.043	38.977	0.868	0.080	3486	2108	33.690	0.047	1.758	0.569	0.876
299	0.117	17.790	15.790	1.755	0.671	0.222	41.894	0.478	0.672	2368	2164	40.533	0.250	3.022	0.331	0.842
300	0.047	8.232	15.680	0.830	0.267	0.224	5.827	0.860	0.289	1092	2122	13.325	0.238	1.191	0.840	0.946
301	0.052	1.248	15.681	0.887	0.304	0.219	22.990	0.837	0.316	149	2127	16.314	0.225	1.386	0.722	0.946
302	0.194	14.438	15.907	2.695	0.707	0.348	22.435	0.335	0.781	1897	2155	12.588	0.428	2.031	0.492	0.730
303	0.100	23.382	15.787	1.527	0.516	0.247	157.676	0.539	0.521	3126	2129	174.289	0.286	2.089	0.479	0.821
304	0.109	21.083	15.805	1.259	0.415	0.336	146.792	0.868	0.446	2824	2118	138.366	0.344	1.238	0.808	0.964
305	0.001	9.035	15.651	0.128	0.045	0.037	149.164	1.000	0.052	1218	2112	135.000	0.037	1.210	0.827	0.906
306	0.045	7.175	15.842	0.801	0.258	0.222	53.764	0.882	0.275	963	2157	59.300	0.229	1.160	0.862	0.947
307	0.055	18.444	15.871	0.917	0.327	0.216	146.511	0.829	0.335	2473	2132	144.904	0.238	1.512	0.661	0.933
308	0.141	12.393	15.959	1.971	0.610	0.295	11.091	0.457	0.618	1631	2160	6.189	0.333	2.067	0.484	0.836
309	7.670E-4	17.002	15.787	0.092	0.032	0.031	2.771E-13	1.000	0.037	2295	2131	126.870	0.030	1.020	0.981	0.933
310	0.059	5.580	15.914	0.932	0.305	0.245	148.407	0.850	0.317	741	2132	127.405	0.260	1.241	0.806	0.944
311	0.064	17.268	15.962	1.025	0.346	0.234	82.711	0.761	0.365	2323	2180	77.093	0.248	1.475	0.678	0.923
312	0.065	19.500	15.917	1.103	0.348	0.239	25.870	0.673	0.378	2613	2164	34.624	0.250	1.458	0.686	0.880
313	0.028	25.517	15.898	0.661	0.224	0.161	37.647	0.814	0.242	3436	2160	49.970	0.175	1.397	0.716	0.925
314	0.057	4.684	15.968	0.926	0.312	0.233	62.091	0.835	0.335	617	2175	54.904	0.238	1.341	0.746	0.952
315	0.186	11.591	16.222	2.362	0.885	0.268	65.639	0.418	0.878	1535	2243	61.274	0.314	3.307	0.302	0.807
316	0.002	13.954	15.856	0.139	0.048	0.042	54.550	1.000	0.053	1882	2144	33.690	0.044	1.161	0.861	0.906
317	0.002	4.342	15.881	0.179	0.063	0.048	128.720	0.949	0.073	583	2142	135.000	0.052	1.313	0.762	0.907
318	0.035	13.247	15.952	0.736	0.259	0.171	25.630	0.805	0.281	1772	2161	26.565	0.183	1.519	0.658	0.939
319	0.017	18.806	15.938	0.525	0.163	0.136	112.381	0.797	0.183	2539	2142	111.371	0.141	1.195	0.837	0.885
320	0.062	10.637	16.014	0.976	0.306	0.259	38.722	0.821	0.336	1426	2184	48.576	0.274	1.182	0.846	0.948
321	0.002	25.763	15.950	0.149	0.055	0.041	147.491	0.991	0.060	3477	2153	150.255	0.044	1.356	0.737	0.889
322	0.071	19.041	16.086	1.067	0.344	0.263	0.357	0.785	0.366	2547	2179	14.036	0.266	1.310	0.763	0.929
323	0.098	15.371	16.158	1.522	0.570	0.218	38.357	0.531	0.572	2045	2210	40.280	0.262	2.609	0.383	0.830
324	0.039	11.338	16.107	0.763	0.260	0.193	89.680	0.850	0.275	1530	2157	96.170	0.204	1.349	0.741	0.945
325	0.074	22.640	16.129	1.111	0.394	0.238	146.982	0.749	0.435	3034	2165	144.689	0.258	1.656	0.604	0.930
326	0.053	22.058	16.143	0.928	0.330	0.203	152.273	0.766	0.349	2960	2166	147.995	0.210	1.628	0.614	0.932
327	0.070	25.725	16.190	1.053	0.387	0.229	44.897	0.788	0.395	3460	2209	51.843	0.236	1.692	0.591	0.940
328	0.114	6.347	16.206	1.803	0.603	0.242	12.871	0.443	0.605	824	2207	14.886	0.288	2.491	0.401	0.756
329	0.075	13.986	16.224	1.181	0.386	0.247	127.117	0.674	0.392	1864	2183	157.797	0.282	1.561	0.641	0.865
330	0.044	8.223	16.203	0.815	0.278	0.202	76.435	0.834	0.298	1101	2206	63.435	0.215	1.376	0.727	0.952
331	0.108	21.688	16.264	1.292	0.445	0.309	124.706	0.813	0.464	2914	2171	123.944	0.329	1.440	0.695	0.950
332	0.074	19.952	16.284	1.097	0.341	0.276	102.718	0.772	0.366	2679	2184	125.942	0.301	1.236	0.809	0.922
333	0.037	21.370	16.277	0.772	0.283	0.166	72.474	0.780	0.290	2880	2216	70.641	0.175	1.703	0.587	0.932
334	0.087	22.480	16.323	1.593	0.474	0.235	152.761	0.432	0.473	3015	2183	140.080	0.283	2.018	0.496	0.799
335	0.047	8.599	16.226	0.905	0.352	0.170	10.365	0.720	0.359	1138	2195	8.297	0.181	2.077	0.481	0.934
336	0.056	16.446	16.326	0.951	0.343	0.209	69.763	0.784	0.373	2212	2228	69.044	0.228	1.641	0.610	0.938
337	2.192E-4	25.507	16.173	0.042	0.017	0.017	0.000	1.000	0.021	3445	2184	135.000	0.015	1.000	1.000	1.000
338	0.048	13.658	16.312	0.862	0.304	0.203	27.931	0.819	0.307	1827	2215	19.747	0.205	1.498	0.667	0.945
339	0.030	27.862	16.343	0.706	0.285	0.132	55.293	0.744	0.296	3754	2225	58.299	0.141	2.154	0.464	0.937
340	0.051	11.991	16.377	0.921	0.285	0.230	119.480	0.762	0.314	1612	2194	124.439	0.260	1.237	0.808	0.918
341	0.047	20.754	16.321	0.916	0.354	0.170	4.471	0.710	0.360	2781	2198	170.538	0.170	2.080	0.481	0.937
342	9.862E-4	14.310	16.302	0.105	0.037	0.034	32.005	1.000	0.043	1931	2204	30.964	0.037	1.094	0.914	0.857
343	0.041	9.191	16.399	0.826	0.302	0.173	170.294	0.755	0.312	1221	2211	166.293	0.192	1.746	0.573	0.907
344	0.047	7.974	16.449	0.845	0.272	0.221	111.482	0.834	0.282	1073	2203	103.671	0.236	1.230	0.813	0.925
345	0.063	9.539	16.544	1.052	0.364	0.220	65.772	0.715	0.408	1275	2258	67.620	0.252	1.654	0.605	0.930
346	0.034	12.674	16.438	0.732	0.263	0.163	11.971	0.787	0.276	1696	2228	20.376	0.174	1.612	0.621	0.932
347	0.034	5.551	16.453	0.731	0.245	0.175	25.357	0.792	0.265	735	2233	35.910	0.183	1.397	0.716	0.927
348	0.003	11.758	16.387	0.185	0.062	0.053	129.901	0.947	0.068	1586	2210	130.601	0.058	1.170	0.854	0.887
349	0.041	16.870	16.479	0.791	0.252	0.207	177.725	0.822	0.272	2259	2224	157.620	0.207	1.220	0.820	0.945
350	0.007	21.961	16.433	0.301	0.099	0.090	174.728	0.967	0.107	2960	2223	33.690	0.089	1.102	0.908	0.937
351	0.034	7.570	16.525	0.734	0.247	0.177	39.048	0.801	0.267	1008	2246	33.690	0.192	1.392	0.718	0.934
352	0.041	8.736	16.541	0.806	0.271	0.194	159.142	0.798	0.304	1161	2227	161.565	0.205	1.401	0.714	0.908
353	0.058	17.499	16.592	0.969	0.336	0.221	40.859	0.782	0.349	2341	2250	36.384	0.224	1.518	0.659	0.933
354	0.059	13.800	16.592	0.941	0.311	0.240	161.271	0.831	0.327	1843	2238	166.908	0.249	1.300	0.769	0.937
355	0.076	19.325	16.705	1.113	0.416	0.232	96.523	0.769	0.422	2603	2229	101.113	0.252	1.788	0.559	0.940
356	0.020	28.220	16.585	0.534	0.177	0.146	14.220	0.897	0.183	3800	2243	14.036	0.148	1.211	0.826	0.944
357	0.036	5.790	16.652	0.744	0.227	0.201	102.240	0.814	0.263	776	2233	111.501	0.207	1.126	0.888	0.924
358	0.004	19.796	16.590	0.235	0.075	0.072	97.259	0.957	0.084	2671	2237	127.875	0.074	1.045	0.957	0.911
359	0.080	14.630	16.734	1.347	0.465	0.220	37.771	0.558	0.474	1950	2277	34.186	0.262	2.113	0.473	0.842
360	0.003	8.037	16.633	0.189	0.071	0.045	11.425	0.885	0.077	1081	2249	16.699	0.044	1.584	0.631	0.893
361	0.083	1.363	16.797	1.159	0.376	0.280	143.782	0.772	0.415	159	2257	140.064	0.290	1.344	0.744	0.922
362	3.835E-4	18.242	16.634	0.067	0.023	0.021	0.000	1.000	0.027	2463	2246	123.690	0.022	1.069	0.936	0.875
363	0.061	6.857	16.817	1.133	0.360	0.215	59.749	0.595	0.382	905	2292	35.538	0.259	1.674	0.597	0.821
364	0.037	15.066	16.781	0.747	0.271	0.174	89.094	0.837	0.279	2033	2286	79.287	0.178	1.555	0.643	0.944
365	0.095	12.906	16.812	1.225	0.422	0.287	17.534	0.797	0.433	1718	2287	33.147	0.302	1.470	0.680	0.935
366	0.046	15.373	16.759	0.847	0.312	0.187	152.966	0.802	0.323	2055	2255	159.905	0.196	1.664	0.601	0.946
367	0.046	2.162	16.831	0.839	0.263	0.223	144.306	0.823	0.279	277	2263	158.199	0.230	1.178	0.849	0.939
368	0.093	2.787	16.882	1.276	0.466	0.254	31.139	0.717	0.479	348	2300	31.724	0.265	1.832	0.546	0.929
369	0.055	4.656	16.820	0.990	0.375	0.188	176.157	0.711	0.384	607	2261	160.866	0.197	1.988	0.503	0.929
370	7.670E-4	20.081	16.734	0.092	0.032	0.031	2.771E-13	1.000	0.037	2711	2259	126.870	0.030	1.020	0.981	0.933
371	3.287E-4	24.115	16.754	0.057	0.025	0.017	90.000	1.000	0.027	3257	2262	123.690	0.015	1.500	0.667	1.000
372	0.038	6.397	16.876	0.756	0.240	0.200	61.652	0.825	0.267	862	2299	75.579	0.204	1.201	0.833	0.911
373	2.192E-4	19.689	16.765	0.042	0.017	0.017	0.000	1.000	0.021	2659	2264	135.000	0.015	1.000	1.000	1.000
374	0.063	21.267	16.913	0.947	0.295	0.272	82.861	0.884	0.318	2866	2305	72.408	0.274	1.084	0.922	0.956
375	0.050	23.622	16.926	0.920	0.338	0.187	80.180	0.737	0.359	3188	2312	75.677	0.201	1.807	0.553	0.930
376	2.739E-4	13.218	16.781	0.057	0.023	0.015	18.435	1.000	0.027	1784	2268	33.690	0.015	1.553	0.644	0.909
377	0.003	20.095	16.803	0.206	0.069	0.059	2.182	0.943	0.075	2710	2269	168.690	0.059	1.177	0.849	0.892
378	0.055	8.362	16.917	0.971	0.381	0.184	146.749	0.734	0.380	1106	2273	146.929	0.204	2.073	0.482	0.919
379	0.058	11.370	16.955	0.990	0.335	0.221	76.858	0.746	0.356	1529	2267	93.576	0.242	1.515	0.660	0.925
380	0.026	19.855	16.875	0.610	0.185	0.176	127.438	0.864	0.200	2670	2272	141.009	0.179	1.050	0.952	0.937
381	9.862E-4	17.651	16.821	0.113	0.039	0.032	101.199	0.965	0.043	2383	2270	120.964	0.036	1.197	0.835	0.837
382	0.040	18.498	16.930	0.772	0.252	0.203	109.591	0.845	0.272	2493	2270	112.380	0.215	1.243	0.804	0.934
383	0.126	11.729	17.059	1.807	0.515	0.311	134.477	0.484	0.579	1560	2275	144.888	0.379	1.656	0.604	0.835
384	0.015	11.900	16.918	0.469	0.164	0.116	33.633	0.858	0.177	1597	2293	33.024	0.131	1.410	0.709	0.930
385	0.002	14.373	16.870	0.155	0.060	0.039	135.000	0.972	0.064	1939	2276	125.538	0.042	1.534	0.652	0.895
386	0.016	23.112	16.935	0.461	0.155	0.130	179.795	0.936	0.162	3113	2283	155.772	0.126	1.188	0.841	0.957
387	0.032	13.217	16.982	0.704	0.247	0.166	14.136	0.817	0.254	1768	2292	171.634	0.178	1.486	0.673	0.918
388	0.052	13.875	17.002	0.874	0.300	0.221	155.298	0.853	0.309	1855	2289	163.301	0.227	1.359	0.736	0.945
389	0.007	27.171	16.936	0.322	0.112	0.085	81.318	0.905	0.117	3669	2296	71.565	0.089	1.312	0.762	0.919
390	0.003	24.136	16.941	0.185	0.061	0.058	52.649	1.000	0.066	3258	2285	116.565	0.059	1.053	0.949	0.917
391	0.076	7.331	17.114	1.343	0.411	0.235	60.453	0.528	0.432	968	2332	38.047	0.275	1.747	0.572	0.818
392	0.039	19.589	17.017	0.849	0.325	0.154	18.984	0.684	0.352	2624	2305	14.621	0.168	2.118	0.472	0.917
393	0.041	24.484	17.057	0.817	0.286	0.182	123.726	0.772	0.317	3294	2288	127.405	0.203	1.567	0.638	0.927
394	0.059	17.687	17.093	0.953	0.317	0.235	37.874	0.810	0.335	2375	2326	54.904	0.246	1.349	0.741	0.931
395	0.024	7.050	17.066	0.618	0.193	0.162	118.097	0.806	0.207	943	2293	124.824	0.177	1.188	0.841	0.924
396	0.046	5.770	17.133	0.821	0.249	0.234	68.102	0.854	0.273	764	2326	40.601	0.237	1.063	0.940	0.943
397	0.045	10.767	17.139	0.839	0.290	0.198	49.401	0.801	0.311	1439	2332	51.766	0.214	1.466	0.682	0.927
398	0.052	3.855	17.150	0.888	0.315	0.211	170.070	0.833	0.325	500	2310	162.801	0.215	1.494	0.670	0.951
399	0.108	21.575	17.222	1.298	0.439	0.314	148.198	0.809	0.462	2884	2315	167.969	0.325	1.398	0.715	0.946
400	0.007	8.022	17.103	0.323	0.119	0.080	43.497	0.895	0.126	1078	2317	45.000	0.084	1.487	0.672	0.916
401	0.019	22.823	17.125	0.532	0.168	0.141	146.534	0.825	0.183	3072	2306	158.629	0.153	1.188	0.842	0.911
402	0.151	3.616	17.503	2.490	0.807	0.239	105.535	0.307	0.825	476	2305	106.157	0.337	3.384	0.296	0.721
403	0.056	16.911	17.196	0.915	0.299	0.237	91.305	0.834	0.312	2274	2305	103.707	0.252	1.265	0.790	0.946
404	0.036	17.240	17.190	0.717	0.233	0.194	79.906	0.869	0.244	2326	2338	75.964	0.206	1.201	0.833	0.936
405	0.064	19.167	17.240	1.013	0.365	0.224	58.558	0.784	0.372	2575	2349	54.728	0.240	1.631	0.613	0.940
406	0.067	6.233	17.260	1.237	0.435	0.196	40.782	0.550	0.466	817	2355	46.931	0.245	2.215	0.451	0.818
407	0.082	17.939	17.311	1.233	0.496	0.209	74.656	0.674	0.492	2417	2373	74.291	0.217	2.366	0.423	0.922
408	0.160	14.645	17.315	1.837	0.676	0.301	174.654	0.594	0.672	1936	2352	11.434	0.331	2.248	0.445	0.873
409	0.076	15.983	17.266	1.149	0.434	0.223	168.037	0.725	0.438	2131	2324	168.311	0.234	1.941	0.515	0.937
410	0.061	1.010	17.335	1.008	0.373	0.209	108.275	0.757	0.375	126	2318	104.859	0.211	1.787	0.560	0.947
411	0.002	24.225	17.201	0.160	0.060	0.039	24.459	0.892	0.066	3269	2326	26.565	0.043	1.553	0.644	0.857
412	5.479E-4	13.033	17.213	0.078	0.029	0.024	0.000	1.000	0.033	1759	2324	153.435	0.022	1.236	0.809	0.909
413	0.057	19.895	17.329	0.938	0.346	0.210	11.065	0.817	0.363	2665	2347	11.768	0.221	1.646	0.608	0.951
414	0.071	13.662	17.367	1.059	0.329	0.276	39.774	0.799	0.372	1830	2367	42.580	0.295	1.189	0.841	0.934
415	0.052	4.433	17.372	0.892	0.307	0.217	36.366	0.829	0.316	582	2362	39.289	0.228	1.415	0.707	0.937
416	8.218E-4	24.331	17.281	0.103	0.037	0.029	128.736	0.976	0.043	3286	2332	120.964	0.030	1.287	0.777	0.857
417	0.049	13.210	17.402	0.866	0.290	0.216	43.054	0.824	0.312	1768	2362	31.430	0.232	1.343	0.745	0.938
418	0.010	1.320	17.340	0.384	0.122	0.106	111.038	0.866	0.129	177	2352	76.759	0.109	1.150	0.870	0.910
419	0.053	20.679	17.409	0.878	0.295	0.227	150.646	0.859	0.320	2778	2337	146.310	0.238	1.296	0.772	0.953
420	0.234	8.802	17.507	3.308	0.915	0.326	4.947	0.269	1.032	1119	2374	10.746	0.443	2.807	0.356	0.689
421	0.069	12.605	17.479	1.066	0.363	0.242	80.316	0.765	0.393	1693	2389	78.056	0.259	1.499	0.667	0.934
422	0.037	24.017	17.426	0.738	0.222	0.214	110.472	0.863	0.242	3237	2340	121.264	0.212	1.036	0.965	0.943
423	0.001	14.170	17.341	0.124	0.045	0.037	70.395	1.000	0.050	1913	2346	63.435	0.037	1.222	0.818	0.906
424	0.052	16.578	17.456	0.877	0.270	0.246	133.690	0.851	0.292	2225	2345	144.293	0.254	1.099	0.910	0.938
425	0.057	21.060	17.488	0.948	0.310	0.236	53.841	0.803	0.338	2834	2385	61.189	0.246	1.317	0.759	0.929
426	2.192E-4	24.574	17.365	0.042	0.017	0.017	0.000	1.000	0.021	3319	2345	135.000	0.015	1.000	1.000	1.000
427	0.216	18.713	17.789	3.143	0.769	0.357	110.142	0.275	0.899	2510	2346	110.225	0.516	2.150	0.465	0.659
428	0.048	11.577	17.500	0.887	0.278	0.220	19.535	0.766	0.298	1543	2370	14.381	0.235	1.266	0.790	0.918
429	0.079	2.342	17.544	1.178	0.452	0.221	177.990	0.711	0.460	285	2366	168.871	0.236	2.044	0.489	0.939
430	0.084	5.455	17.672	1.175	0.436	0.245	108.781	0.763	0.454	730	2357	102.225	0.254	1.778	0.562	0.948
431	0.133	10.057	17.716	1.830	0.568	0.297	92.768	0.498	0.559	1351	2357	101.459	0.342	1.910	0.524	0.841
432	0.014	19.575	17.556	0.591	0.142	0.122	45.547	0.491	0.189	2632	2378	11.310	0.147	1.162	0.861	0.720
433	0.077	5.042	17.677	1.087	0.380	0.256	66.692	0.814	0.394	672	2413	64.398	0.264	1.482	0.675	0.945
434	0.037	7.843	17.616	0.762	0.281	0.168	152.267	0.803	0.292	1042	2369	144.293	0.175	1.673	0.598	0.944
435	0.057	4.636	17.709	0.968	0.344	0.211	110.084	0.762	0.357	610	2372	129.958	0.213	1.632	0.613	0.923
436	0.050	12.175	17.671	0.910	0.306	0.208	153.491	0.757	0.335	1624	2379	161.966	0.230	1.476	0.678	0.901
437	0.037	24.315	17.676	0.758	0.272	0.174	134.045	0.809	0.284	3272	2375	128.660	0.178	1.565	0.639	0.927
438	2.192E-4	25.366	17.572	0.042	0.017	0.017	0.000	1.000	0.021	3426	2373	135.000	0.015	1.000	1.000	1.000
439	0.051	14.336	17.721	0.872	0.310	0.209	67.870	0.840	0.322	1930	2414	66.975	0.217	1.485	0.673	0.958
440	0.003	29.166	17.626	0.179	0.063	0.053	113.389	1.000	0.070	3938	2377	122.005	0.052	1.196	0.836	0.932
441	0.069	10.625	17.802	1.308	0.474	0.185	50.600	0.505	0.477	1414	2430	48.145	0.214	2.568	0.389	0.825
442	0.042	4.406	17.752	0.791	0.241	0.224	59.336	0.854	0.262	592	2416	73.610	0.228	1.075	0.930	0.930
443	0.054	20.008	17.799	0.972	0.269	0.257	112.464	0.721	0.318	2696	2423	72.408	0.266	1.048	0.954	0.894
444	0.083	7.379	17.867	1.165	0.447	0.238	53.972	0.774	0.453	979	2439	51.633	0.249	1.881	0.532	0.935
445	0.058	19.609	17.788	0.951	0.345	0.214	10.666	0.803	0.347	2627	2406	11.070	0.215	1.614	0.620	0.950
446	0.059	9.586	17.872	0.937	0.299	0.250	38.791	0.838	0.318	1276	2418	17.592	0.251	1.198	0.835	0.949
447	0.083	11.202	17.931	1.134	0.358	0.294	100.037	0.810	0.395	1499	2398	120.411	0.292	1.217	0.822	0.949
448	0.062	18.104	17.958	0.981	0.341	0.231	90.083	0.806	0.350	2441	2450	76.551	0.241	1.478	0.677	0.930
449	6.575E-4	24.080	17.811	0.088	0.031	0.027	160.195	1.000	0.037	3251	2405	143.130	0.030	1.135	0.881	0.857
450	0.031	16.369	17.910	0.695	0.242	0.163	161.293	0.805	0.249	2197	2412	149.621	0.166	1.485	0.673	0.918
451	0.077	8.856	17.994	1.069	0.331	0.295	3.919	0.844	0.355	1175	2443	23.356	0.289	1.122	0.891	0.951
452	0.044	12.720	17.983	0.819	0.269	0.206	102.418	0.815	0.290	1709	2415	122.471	0.206	1.306	0.766	0.940
453	2.192E-4	25.944	17.898	0.042	0.017	0.017	0.000	1.000	0.021	3504	2417	135.000	0.015	1.000	1.000	1.000
454	0.027	9.337	17.999	0.634	0.199	0.175	46.335	0.856	0.218	1249	2439	35.311	0.183	1.140	0.877	0.930
455	0.043	20.351	18.043	0.813	0.254	0.215	23.104	0.814	0.266	2731	2440	12.875	0.218	1.178	0.849	0.922
456	0.062	10.846	18.057	0.966	0.325	0.244	47.865	0.839	0.343	1447	2453	37.117	0.252	1.331	0.751	0.950
457	0.078	6.762	18.129	1.127	0.336	0.297	111.509	0.775	0.366	908	2472	75.964	0.295	1.130	0.885	0.920
458	2.192E-4	2.050	17.957	0.042	0.017	0.017	0.000	1.000	0.021	276	2425	135.000	0.015	1.000	1.000	1.000
459	0.069	5.642	18.123	1.030	0.336	0.260	161.240	0.813	0.356	737	2446	167.989	0.268	1.295	0.772	0.942
460	0.107	13.518	18.194	1.335	0.451	0.301	118.208	0.754	0.497	1809	2427	114.656	0.325	1.497	0.668	0.932
461	8.766E-4	25.545	17.991	0.105	0.035	0.032	29.233	1.000	0.040	3449	2429	158.199	0.036	1.076	0.929	0.821
462	2.192E-4	6.136	17.987	0.042	0.017	0.017	0.000	1.000	0.021	828	2429	135.000	0.015	1.000	1.000	1.000
463	0.042	14.493	18.116	0.797	0.273	0.198	95.129	0.839	0.284	1956	2468	82.504	0.214	1.377	0.726	0.940
464	0.009	6.412	18.050	0.332	0.113	0.097	88.490	0.974	0.117	864	2431	108.435	0.096	1.166	0.857	0.937
465	0.061	11.891	18.155	0.965	0.319	0.242	161.142	0.820	0.341	1585	2451	167.471	0.247	1.316	0.760	0.934
466	1.644E-4	27.704	18.082	0.042	0.018	0.012	45.000	1.000	0.021	3742	2444	45.000	0.015	1.464	0.683	0.857
467	0.024	21.525	18.180	0.643	0.249	0.124	144.309	0.737	0.255	2894	2447	144.462	0.139	2.009	0.498	0.899
468	0.058	13.152	18.263	0.957	0.325	0.229	64.548	0.802	0.345	1768	2490	59.036	0.235	1.417	0.706	0.945
469	0.003	17.207	18.154	0.200	0.073	0.052	90.334	0.950	0.077	2323	2448	106.699	0.052	1.407	0.711	0.917
470	0.063	11.423	18.271	1.011	0.356	0.224	152.809	0.770	0.377	1518	2468	164.055	0.243	1.586	0.631	0.939
471	0.022	21.007	18.259	0.591	0.224	0.123	99.264	0.779	0.235	2833	2451	102.724	0.133	1.826	0.548	0.937
472	0.086	27.289	18.314	1.498	0.528	0.207	156.026	0.482	0.549	3650	2470	165.964	0.245	2.549	0.392	0.808
473	0.076	9.437	18.291	1.134	0.409	0.237	171.483	0.743	0.440	1245	2468	167.367	0.258	1.726	0.579	0.943
474	0.064	12.358	18.299	0.953	0.292	0.280	149.259	0.889	0.316	1650	2465	159.444	0.288	1.044	0.958	0.952
475	2.192E-4	13.845	18.166	0.052	0.020	0.014	0.000	1.000	0.023	1869	2454	161.565	0.015	1.468	0.681	0.800
476	0.064	21.335	18.348	1.057	0.414	0.197	92.201	0.722	0.410	2879	2508	82.747	0.206	2.103	0.475	0.944
477	0.075	8.837	18.333	1.087	0.367	0.259	13.277	0.793	0.385	1170	2481	11.094	0.274	1.419	0.705	0.927
478	0.079	19.270	18.357	1.117	0.372	0.269	154.408	0.792	0.386	2583	2465	147.529	0.281	1.382	0.724	0.924
479	0.049	24.639	18.368	0.878	0.277	0.227	161.772	0.806	0.311	3313	2471	151.607	0.229	1.216	0.822	0.931
480	0.005	27.803	18.358	0.252	0.092	0.065	116.110	0.933	0.097	3752	2475	122.471	0.070	1.422	0.703	0.901
481	0.062	16.775	18.459	0.966	0.313	0.253	11.560	0.840	0.330	2244	2501	9.039	0.250	1.236	0.809	0.942
482	0.058	0.626	18.495	0.946	0.333	0.221	42.346	0.810	0.349	64	2514	32.005	0.236	1.509	0.663	0.947
483	0.047	6.557	18.477	0.835	0.271	0.221	18.673	0.848	0.284	869	2507	38.660	0.225	1.225	0.817	0.948
484	0.060	4.579	18.507	0.947	0.284	0.268	86.567	0.835	0.312	613	2520	67.694	0.263	1.059	0.944	0.941
485	0.034	2.254	18.499	0.696	0.222	0.193	6.105	0.872	0.237	288	2503	14.470	0.204	1.149	0.870	0.938
486	0.018	22.698	18.476	0.505	0.160	0.142	109.536	0.878	0.170	3060	2486	124.380	0.154	1.126	0.888	0.933
487	0.046	15.485	18.581	0.852	0.323	0.182	87.718	0.799	0.334	2091	2533	84.920	0.192	1.776	0.563	0.946
488	0.073	20.609	18.567	1.061	0.340	0.272	163.934	0.811	0.356	2759	2509	163.072	0.270	1.248	0.801	0.944
489	0.077	2.893	18.656	1.403	0.381	0.258	139.618	0.494	0.407	371	2498	126.870	0.314	1.473	0.679	0.799
490	0.069	17.041	18.679	1.001	0.353	0.248	142.892	0.862	0.368	2282	2508	139.899	0.259	1.420	0.704	0.959
491	0.070	24.672	18.670	1.070	0.386	0.230	153.036	0.764	0.414	3306	2514	155.726	0.251	1.679	0.595	0.946
492	0.069	3.993	18.733	1.029	0.323	0.272	79.771	0.820	0.367	533	2555	80.727	0.285	1.188	0.842	0.935
493	0.037	12.338	18.673	0.744	0.236	0.199	54.574	0.837	0.256	1661	2538	67.891	0.202	1.185	0.844	0.941
494	0.074	25.816	18.714	1.113	0.379	0.247	113.160	0.748	0.411	3471	2507	120.256	0.266	1.534	0.652	0.932
495	6.575E-4	25.059	18.571	0.086	0.033	0.025	90.000	1.000	0.037	3384	2507	126.870	0.022	1.333	0.750	1.000
496	8.766E-4	26.181	18.571	0.101	0.033	0.033	0.000	1.000	0.042	3535	2507	135.000	0.030	1.000	1.000	1.000
497	0.056	16.321	18.739	0.967	0.367	0.193	122.918	0.746	0.361	2188	2514	132.510	0.195	1.906	0.525	0.935
498	7.123E-4	15.610	18.611	0.092	0.032	0.028	166.224	1.000	0.037	2108	2512	126.870	0.030	1.148	0.871	0.897
499	0.051	22.387	18.770	0.866	0.279	0.230	17.561	0.846	0.301	3008	2548	37.999	0.236	1.214	0.824	0.946
500	5.479E-4	26.215	18.686	0.078	0.029	0.024	0.000	1.000	0.033	3540	2523	153.435	0.022	1.236	0.809	0.909
501	0.114	1.358	18.903	1.322	0.426	0.339	123.205	0.816	0.442	164	2533	129.560	0.351	1.257	0.795	0.945
502	0.037	2.413	18.811	0.736	0.229	0.204	119.680	0.852	0.250	320	2525	124.160	0.215	1.123	0.890	0.946
503	0.070	21.035	18.891	1.057	0.388	0.229	98.748	0.784	0.402	2837	2526	96.340	0.250	1.697	0.589	0.929
504	0.057	7.876	18.855	0.929	0.303	0.240	59.630	0.831	0.326	1049	2565	50.528	0.242	1.262	0.793	0.945
505	0.042	20.594	18.881	0.818	0.303	0.178	165.567	0.796	0.321	2761	2545	161.147	0.192	1.698	0.589	0.939
506	0.071	7.140	19.009	1.047	0.369	0.244	137.911	0.810	0.380	946	2549	127.093	0.258	1.511	0.662	0.944
507	0.098	13.982	19.030	1.320	0.492	0.253	41.771	0.704	0.521	1866	2596	38.660	0.272	1.944	0.515	0.934
508	0.065	22.288	19.083	1.018	0.362	0.229	71.470	0.789	0.374	2997	2599	65.462	0.241	1.580	0.633	0.941
509	0.057	10.617	19.044	0.926	0.304	0.240	175.086	0.841	0.316	1413	2564	169.216	0.244	1.266	0.790	0.947
510	0.057	11.267	19.145	0.927	0.308	0.234	178.307	0.827	0.327	1499	2585	174.806	0.257	1.314	0.761	0.934
511	0.064	15.440	19.195	1.074	0.351	0.232	107.374	0.699	0.395	2069	2569	120.411	0.250	1.512	0.661	0.912
512	0.040	11.888	19.112	0.789	0.284	0.180	172.586	0.811	0.298	1586	2576	165.619	0.190	1.572	0.636	0.931
513	0.048	18.878	19.225	0.858	0.274	0.224	117.402	0.820	0.299	2538	2580	138.013	0.238	1.223	0.818	0.946
514	0.065	9.242	19.306	0.995	0.335	0.247	13.344	0.826	0.365	1227	2622	23.962	0.259	1.356	0.737	0.955
515	0.062	7.517	19.392	0.971	0.307	0.258	0.407	0.827	0.341	995	2625	12.529	0.266	1.191	0.839	0.940
516	0.001	15.935	19.278	0.122	0.041	0.036	90.000	0.971	0.047	2151	2602	128.660	0.037	1.130	0.885	0.913
517	0.041	10.993	19.449	0.784	0.254	0.206	110.918	0.838	0.282	1477	2609	113.199	0.215	1.236	0.809	0.945
518	2.192E-4	15.666	19.336	0.052	0.020	0.014	0.000	1.000	0.023	2115	2612	161.565	0.015	1.468	0.681	0.800
519	0.043	20.188	19.436	0.801	0.263	0.206	152.424	0.833	0.278	2711	2614	151.390	0.205	1.279	0.782	0.938
520	0.090	19.067	19.528	1.169	0.406	0.281	76.391	0.824	0.421	2566	2665	66.140	0.285	1.443	0.693	0.947
521	0.100	12.388	19.484	1.322	0.471	0.271	177.466	0.722	0.491	1639	2635	6.054	0.288	1.736	0.576	0.932
522	0.035	8.211	19.536	0.725	0.245	0.184	42.503	0.846	0.252	1098	2653	40.236	0.193	1.328	0.753	0.939
523	0.002	12.935	19.470	0.180	0.071	0.042	27.332	0.909	0.076	1743	2633	29.055	0.046	1.676	0.597	0.869
524	0.044	17.816	19.565	0.797	0.245	0.231	159.396	0.880	0.256	2398	2628	112.109	0.234	1.060	0.943	0.946
525	0.058	15.538	19.718	0.982	0.375	0.196	50.797	0.751	0.383	2083	2683	48.918	0.206	1.917	0.522	0.939
526	0.030	1.430	19.692	0.669	0.200	0.194	140.280	0.856	0.218	183	2652	144.689	0.198	1.034	0.967	0.938
527	0.054	8.876	19.731	0.923	0.288	0.237	85.595	0.791	0.326	1186	2685	57.031	0.244	1.218	0.821	0.922
528	0.059	11.094	19.769	0.995	0.359	0.209	136.291	0.747	0.387	1481	2654	136.548	0.230	1.717	0.583	0.920
529	0.080	22.207	19.795	1.412	0.431	0.236	165.118	0.504	0.436	2971	2672	170.218	0.280	1.821	0.549	0.782
530	0.053	16.642	19.770	0.942	0.354	0.191	147.207	0.753	0.370	2227	2658	143.130	0.204	1.855	0.539	0.935
531	0.064	21.312	19.792	1.020	0.354	0.231	177.619	0.775	0.372	2853	2678	5.711	0.237	1.530	0.653	0.936
532	0.075	28.644	19.848	1.140	0.375	0.253	145.758	0.720	0.399	3849	2666	148.671	0.267	1.484	0.674	0.899
533	0.062	4.826	19.883	1.020	0.365	0.218	84.540	0.754	0.394	647	2714	84.611	0.237	1.676	0.597	0.935
534	0.047	16.166	19.816	0.819	0.282	0.213	6.989	0.886	0.301	2164	2682	9.926	0.222	1.322	0.756	0.950
535	0.094	20.631	19.906	1.218	0.397	0.303	123.841	0.799	0.432	2761	2674	141.953	0.304	1.309	0.764	0.951
536	0.059	12.806	19.863	0.975	0.358	0.209	36.233	0.779	0.357	1718	2704	50.042	0.218	1.712	0.584	0.940
537	0.059	7.403	19.900	0.925	0.288	0.259	106.974	0.860	0.316	996	2667	100.784	0.266	1.114	0.897	0.941
538	0.051	8.330	19.882	0.899	0.275	0.235	92.820	0.789	0.298	1116	2706	60.255	0.243	1.170	0.855	0.921
539	0.036	20.069	19.871	0.743	0.235	0.196	97.404	0.823	0.249	2703	2670	120.379	0.205	1.202	0.832	0.926
540	0.002	4.252	19.824	0.166	0.059	0.045	47.505	0.953	0.064	571	2681	35.538	0.047	1.319	0.758	0.874
541	0.032	25.541	19.922	0.696	0.251	0.161	76.717	0.822	0.263	3449	2709	80.272	0.169	1.565	0.639	0.937
542	0.071	1.555	20.004	1.051	0.372	0.242	107.647	0.805	0.373	193	2684	130.972	0.248	1.541	0.649	0.957
543	0.001	25.406	19.874	0.119	0.038	0.037	90.000	0.965	0.045	3432	2682	99.462	0.037	1.027	0.974	0.833
544	0.095	17.979	20.007	1.212	0.411	0.293	159.856	0.811	0.424	2400	2697	173.991	0.309	1.402	0.713	0.943
545	0.069	4.079	20.043	1.010	0.318	0.275	115.893	0.848	0.342	537	2687	119.899	0.283	1.156	0.865	0.950
546	0.037	7.913	20.088	0.743	0.235	0.201	76.777	0.844	0.255	1059	2726	54.462	0.200	1.166	0.858	0.950
547	0.097	13.152	20.258	1.295	0.498	0.248	88.633	0.726	0.500	1768	2768	82.349	0.252	2.010	0.497	0.953
548	0.051	11.356	20.238	0.870	0.283	0.230	159.893	0.846	0.289	1515	2740	13.325	0.235	1.231	0.812	0.942
549	0.066	10.435	20.299	1.014	0.352	0.239	93.100	0.807	0.360	1405	2718	99.462	0.251	1.477	0.677	0.939
550	0.060	2.655	20.302	0.989	0.361	0.210	130.574	0.766	0.366	350	2720	111.371	0.213	1.714	0.583	0.922
551	0.079	9.235	20.297	1.149	0.414	0.243	50.878	0.753	0.446	1230	2767	48.366	0.261	1.701	0.588	0.936
552	0.049	10.136	20.313	0.853	0.271	0.232	103.094	0.854	0.305	1362	2725	104.036	0.241	1.167	0.857	0.938
553	0.084	5.718	20.452	1.201	0.340	0.317	90.832	0.736	0.385	768	2737	112.620	0.344	1.073	0.932	0.894
554	0.099	4.910	20.561	1.268	0.423	0.298	163.778	0.773	0.437	634	2777	169.261	0.311	1.420	0.704	0.928
555	0.058	7.860	20.540	0.935	0.284	0.261	136.248	0.838	0.307	1040	2770	164.624	0.261	1.086	0.921	0.937
