 	Area	X	Y	Perim.	Major	Minor	Angle	Circ.	Feret	FeretX	FeretY	FeretAngle	MinFeret	AR	Round	Solidity
1	5.659E-4	0.321	0.012	0.077	0.027	0.027	0.000	1.000	0.034	39	0	135.000	0.024	1.000	1.000	1.000
2	1.258E-4	1.094	0.004	0.034	0.018	0.009	0.000	1.000	0.018	137	0	153.435	0.008	2.000	0.500	1.000
3	0.001	12.031	0.010	0.147	0.061	0.025	179.350	0.699	0.065	1513	0	165.964	0.024	2.470	0.405	0.905
4	6.288E-5	16.751	0.004	0.022	0.009	0.009	0.000	1.000	0.011	2112	0	135.000	0.008	1.000	1.000	1.000
5	2.515E-4	17.762	0.008	0.045	0.018	0.018	0.000	1.000	0.022	2239	0	135.000	0.016	1.000	1.000	1.000
6	6.288E-5	2.732	0.012	0.022	0.009	0.009	0.000	1.000	0.011	344	1	135.000	0.008	1.000	1.000	1.000
7	0.001	8.376	0.092	0.117	0.042	0.036	135.000	1.000	0.046	1055	9	120.964	0.039	1.161	0.861	0.884
8	5.030E-4	5.992	0.132	0.072	0.028	0.023	45.000	1.000	0.034	754	18	45.000	0.024	1.229	0.814	0.941
9	2.515E-4	13.116	0.127	0.045	0.018	0.018	0.000	1.000	0.022	1653	15	135.000	0.016	1.000	1.000	1.000
10	2.515E-4	6.209	0.151	0.045	0.018	0.018	0.000	1.000	0.022	782	18	135.000	0.016	1.000	1.000	1.000
11	0.002	12.134	0.190	0.142	0.051	0.039	99.541	0.981	0.057	1528	21	123.690	0.040	1.294	0.773	0.909
12	4.401E-4	0.936	0.197	0.077	0.033	0.017	98.350	0.943	0.035	117	23	116.565	0.016	1.936	0.517	0.933
13	5.030E-4	4.900	0.210	0.078	0.028	0.023	0.000	1.000	0.033	616	26	165.964	0.024	1.195	0.837	0.800
14	6.288E-5	0.940	0.234	0.022	0.009	0.009	0.000	1.000	0.011	118	29	135.000	0.008	1.000	1.000	1.000
15	0.004	12.368	0.267	0.225	0.075	0.066	54.958	0.967	0.082	1557	38	60.945	0.071	1.128	0.886	0.905
16	0.003	7.364	0.272	0.193	0.070	0.050	30.460	0.930	0.075	924	35	18.435	0.056	1.394	0.717	0.880
17	1.886E-4	6.408	0.260	0.045	0.019	0.013	135.000	1.000	0.022	807	32	135.000	0.016	1.464	0.683	0.857
18	3.773E-4	35.889	0.297	0.061	0.027	0.018	90.000	1.000	0.029	4525	36	123.690	0.016	1.500	0.667	1.000
19	0.005	1.737	0.338	0.263	0.093	0.066	127.852	0.877	0.102	214	38	128.660	0.073	1.418	0.705	0.880
20	2.515E-4	15.629	0.301	0.045	0.018	0.018	0.000	1.000	0.022	1970	37	135.000	0.016	1.000	1.000	1.000
21	2.515E-4	12.894	0.365	0.045	0.018	0.018	0.000	1.000	0.022	1625	45	135.000	0.016	1.000	1.000	1.000
22	0.002	5.548	0.398	0.133	0.048	0.040	70.395	1.000	0.053	698	53	63.435	0.040	1.222	0.818	0.906
23	3.144E-4	1.127	0.402	0.061	0.025	0.016	71.565	1.000	0.029	141	52	56.310	0.016	1.553	0.644	0.909
24	2.515E-4	4.433	0.412	0.045	0.018	0.018	0.000	1.000	0.022	558	51	135.000	0.016	1.000	1.000	1.000
25	0.001	1.533	0.433	0.117	0.042	0.036	135.000	1.000	0.046	192	52	120.964	0.039	1.161	0.861	0.884
26	0.002	12.986	0.457	0.149	0.056	0.040	85.284	1.000	0.060	1636	61	66.801	0.040	1.391	0.719	0.903
27	3.773E-4	13.659	0.436	0.061	0.027	0.018	0.000	1.000	0.029	1721	54	146.310	0.016	1.500	0.667	1.000
28	4.401E-4	0.369	0.466	0.072	0.024	0.023	0.000	1.000	0.029	46	57	123.690	0.024	1.069	0.936	0.875
29	4.401E-4	17.853	0.485	0.072	0.024	0.023	0.000	1.000	0.029	2250	60	123.690	0.024	1.069	0.936	0.875
30	8.174E-4	5.907	0.500	0.094	0.035	0.030	45.000	1.000	0.040	743	65	36.870	0.032	1.159	0.863	0.897
31	6.917E-4	4.034	0.510	0.094	0.030	0.029	135.000	0.976	0.035	508	62	116.565	0.032	1.035	0.966	0.846
32	5.030E-4	10.526	0.505	0.072	0.028	0.023	135.000	1.000	0.034	1326	62	135.000	0.024	1.229	0.814	0.941
33	7.545E-4	0.340	0.512	0.099	0.034	0.028	34.722	0.967	0.040	41	66	36.870	0.032	1.218	0.821	0.889
34	8.174E-4	1.054	0.540	0.094	0.035	0.030	45.000	1.000	0.040	131	70	36.870	0.032	1.159	0.863	0.897
35	1.086	8.283	1.208	4.228	1.274	1.086	20.703	0.763	1.328	954	154	175.549	1.121	1.173	0.852	0.948
36	0.001	8.758	0.556	0.117	0.038	0.036	0.000	0.985	0.043	1103	68	111.801	0.039	1.044	0.957	0.850
37	0.001	0.386	0.571	0.135	0.049	0.034	34.710	0.916	0.053	46	74	26.565	0.039	1.417	0.706	0.808
38	0.002	7.000	0.613	0.160	0.051	0.047	67.453	0.929	0.058	882	81	74.055	0.048	1.101	0.909	0.857
39	0.002	15.805	0.611	0.139	0.047	0.044	1.880E-13	1.000	0.053	1990	76	153.435	0.048	1.065	0.939	0.867
40	0.003	7.959	0.662	0.241	0.095	0.045	89.790	0.735	0.098	1003	90	75.964	0.055	2.090	0.479	0.831
41	0.633	18.044	1.089	3.222	1.024	0.788	157.508	0.767	1.077	2239	79	126.617	0.783	1.300	0.769	0.939
42	5.659E-4	7.906	0.657	0.083	0.033	0.022	6.047	1.000	0.035	995	82	153.435	0.024	1.536	0.651	0.857
43	3.144E-4	8.054	0.657	0.061	0.025	0.016	161.565	1.000	0.029	1014	82	146.310	0.016	1.553	0.644	0.909
44	5.030E-4	11.358	0.679	0.072	0.028	0.023	135.000	1.000	0.034	1431	84	135.000	0.024	1.229	0.814	0.941
45	2.515E-4	0.977	0.686	0.061	0.022	0.015	90.000	0.857	0.025	123	85	108.435	0.016	1.468	0.681	0.800
46	5.030E-4	2.469	0.703	0.072	0.028	0.023	135.000	1.000	0.034	310	87	135.000	0.024	1.229	0.814	0.941
47	0.001	4.977	0.735	0.117	0.042	0.036	45.001	1.000	0.046	625	94	30.964	0.039	1.161	0.861	0.884
48	3.144E-4	21.457	0.732	0.061	0.025	0.016	71.565	1.000	0.029	2705	94	56.310	0.016	1.553	0.644	0.909
49	8.174E-4	3.844	0.748	0.099	0.038	0.028	135.000	1.000	0.045	483	92	135.000	0.032	1.370	0.730	0.929
50	6.917E-4	7.983	0.764	0.099	0.040	0.022	76.717	0.887	0.043	1006	99	68.199	0.024	1.772	0.564	0.846
51	0.003	21.314	0.772	0.196	0.082	0.042	1.357	0.884	0.083	2683	99	16.699	0.040	1.930	0.518	0.935
52	0.425	21.479	1.126	2.597	0.791	0.684	136.177	0.792	0.836	2667	109	132.310	0.715	1.157	0.865	0.948
53	0.563	14.191	1.233	2.990	0.953	0.752	147.491	0.791	0.995	1729	149	168.511	0.756	1.267	0.790	0.955
54	0.332	16.040	1.140	2.421	0.708	0.597	46.967	0.712	0.790	2005	197	79.592	0.604	1.187	0.843	0.917
55	6.288E-5	6.007	0.797	0.022	0.009	0.009	0.000	1.000	0.011	757	100	135.000	0.008	1.000	1.000	1.000
56	0.002	0.577	0.841	0.144	0.050	0.042	133.610	0.993	0.057	70	104	146.310	0.046	1.206	0.829	0.852
57	9.432E-4	1.726	0.835	0.112	0.038	0.032	45.000	0.942	0.043	215	106	21.801	0.034	1.191	0.840	0.811
58	0.486	10.229	1.195	2.758	0.808	0.766	22.987	0.803	0.877	1235	143	165.336	0.761	1.054	0.948	0.949
59	0.449	12.322	1.327	2.747	1.023	0.559	120.491	0.748	1.006	1534	103	104.146	0.570	1.828	0.547	0.961
60	0.407	19.813	1.153	2.619	0.970	0.534	141.516	0.746	1.026	2444	108	136.565	0.561	1.815	0.551	0.964
61	0.008	5.076	0.932	0.356	0.139	0.077	115.695	0.836	0.142	636	110	116.565	0.085	1.790	0.559	0.915
62	0.802	24.532	1.395	3.599	1.215	0.840	163.338	0.778	1.255	3018	185	3.621	0.823	1.448	0.691	0.968
63	1.886E-4	4.756	0.913	0.045	0.019	0.013	135.000	1.000	0.022	599	114	135.000	0.016	1.464	0.683	0.857
64	0.423	22.923	1.294	2.521	0.801	0.673	29.702	0.836	0.834	2852	197	39.596	0.676	1.190	0.840	0.954
65	4.401E-4	0.432	0.974	0.072	0.024	0.023	0.000	1.000	0.029	54	121	123.690	0.024	1.069	0.936	0.875
66	2.515E-4	4.242	1.007	0.045	0.018	0.018	0.000	1.000	0.022	534	126	135.000	0.016	1.000	1.000	1.000
67	1.886E-4	2.404	1.030	0.045	0.019	0.013	135.000	1.000	0.022	302	129	135.000	0.016	1.464	0.683	0.857
68	9.432E-4	0.829	1.072	0.106	0.042	0.029	27.549	1.000	0.046	102	137	30.964	0.032	1.435	0.697	0.882
69	6.288E-4	0.184	1.080	0.090	0.032	0.025	45.000	0.982	0.035	21	137	26.565	0.028	1.241	0.806	0.800
70	2.515E-4	0.706	1.221	0.045	0.018	0.018	0.000	1.000	0.022	88	153	135.000	0.016	1.000	1.000	1.000
71	2.515E-4	0.864	1.229	0.045	0.018	0.018	0.000	1.000	0.022	108	154	135.000	0.016	1.000	1.000	1.000
72	5.659E-4	0.617	1.274	0.078	0.031	0.023	20.301	1.000	0.035	76	162	26.565	0.024	1.340	0.746	0.857
73	2.515E-4	1.491	1.300	0.045	0.018	0.018	0.000	1.000	0.022	187	163	135.000	0.016	1.000	1.000	1.000
74	7.545E-4	4.250	1.310	0.094	0.035	0.027	32.067	1.000	0.040	534	167	36.870	0.032	1.281	0.780	0.857
75	4.401E-4	5.375	1.312	0.072	0.024	0.023	90.000	1.000	0.029	677	164	123.690	0.024	1.069	0.936	0.875
76	0.001	26.435	1.327	0.133	0.047	0.037	62.593	0.988	0.053	3332	170	63.435	0.040	1.276	0.784	0.863
77	8.174E-4	1.054	1.321	0.099	0.035	0.030	13.776	1.000	0.040	131	165	143.130	0.032	1.148	0.871	0.897
78	0.002	26.575	1.349	0.176	0.058	0.054	36.379	1.000	0.064	3348	172	29.745	0.056	1.065	0.939	0.907
79	0.907	26.708	1.819	3.978	1.178	0.980	165.371	0.720	1.291	3280	200	158.003	1.098	1.202	0.832	0.941
80	0.001	35.075	1.409	0.117	0.042	0.036	135.000	1.000	0.046	4422	175	120.964	0.039	1.161	0.861	0.884
81	7.545E-4	0.920	1.411	0.090	0.031	0.031	0.000	1.000	0.035	115	176	116.565	0.032	1.000	1.000	0.857
82	3.144E-4	0.216	1.412	0.056	0.025	0.016	161.565	1.000	0.029	26	177	146.310	0.016	1.553	0.644	0.909
83	2.515E-4	1.943	1.427	0.045	0.018	0.018	0.000	1.000	0.022	244	179	135.000	0.016	1.000	1.000	1.000
84	0.168	30.850	1.666	1.589	0.546	0.391	119.779	0.834	0.557	3869	184	129.806	0.411	1.398	0.715	0.961
85	0.002	0.815	1.454	0.166	0.063	0.036	155.408	0.800	0.068	99	182	159.444	0.043	1.756	0.569	0.824
86	6.288E-4	2.787	1.459	0.083	0.035	0.023	116.565	1.000	0.040	350	182	126.870	0.024	1.551	0.645	0.909
87	2.515E-4	3.449	1.483	0.045	0.018	0.018	0.000	1.000	0.022	434	186	135.000	0.016	1.000	1.000	1.000
88	0.003	7.346	1.517	0.198	0.066	0.061	43.649	1.000	0.075	922	193	32.005	0.063	1.091	0.917	0.909
89	0.146	33.733	1.685	1.519	0.541	0.343	173.082	0.795	0.560	4219	221	12.265	0.353	1.577	0.634	0.952
90	0.154	3.022	1.737	1.552	0.476	0.411	10.517	0.803	0.513	357	238	31.724	0.420	1.159	0.863	0.947
91	0.216	35.026	1.857	1.970	0.774	0.356	125.926	0.700	0.788	4385	196	126.409	0.380	2.173	0.460	0.955
92	0.151	5.230	1.799	1.502	0.499	0.385	82.780	0.839	0.518	653	195	101.482	0.404	1.296	0.771	0.952
93	0.090	32.230	1.725	1.305	0.459	0.248	156.146	0.661	0.480	4039	204	149.199	0.255	1.848	0.541	0.912
94	3.773E-4	1.467	1.590	0.061	0.027	0.018	90.000	1.000	0.029	184	199	123.690	0.016	1.500	0.667	1.000
95	0.565	28.983	2.004	3.091	1.039	0.692	151.743	0.742	1.131	3591	222	162.454	0.710	1.501	0.666	0.942
96	0.108	4.037	1.784	1.327	0.466	0.294	53.791	0.768	0.478	488	245	40.292	0.293	1.588	0.630	0.937
97	0.003	7.300	1.669	0.180	0.060	0.055	56.794	0.997	0.068	918	214	54.462	0.056	1.102	0.908	0.921
98	0.008	10.558	1.754	0.333	0.118	0.087	101.394	0.910	0.125	1330	213	108.435	0.087	1.361	0.735	0.924
99	0.001	2.202	1.748	0.128	0.044	0.040	0.000	1.000	0.050	275	219	161.565	0.040	1.113	0.898	0.880
100	2.515E-4	1.530	1.752	0.045	0.018	0.018	0.000	1.000	0.022	192	220	135.000	0.016	1.000	1.000	1.000
101	2.515E-4	0.341	1.760	0.045	0.018	0.018	0.000	1.000	0.022	42	221	135.000	0.016	1.000	1.000	1.000
102	0.004	1.955	1.793	0.241	0.087	0.063	122.000	0.939	0.092	244	221	120.964	0.067	1.375	0.727	0.914
103	2.515E-4	0.793	1.808	0.045	0.018	0.018	0.000	1.000	0.022	99	227	135.000	0.016	1.000	1.000	1.000
104	3.144E-4	6.839	1.836	0.067	0.020	0.020	0.000	0.873	0.025	862	230	108.435	0.022	1.000	1.000	0.714
105	5.659E-4	7.116	1.965	0.083	0.031	0.023	110.301	1.000	0.035	896	246	116.565	0.024	1.340	0.746	0.857
106	2.515E-4	3.774	1.990	0.045	0.018	0.018	0.000	1.000	0.022	475	250	135.000	0.016	1.000	1.000	1.000
107	2.515E-4	20.149	1.990	0.045	0.018	0.018	0.000	1.000	0.022	2540	250	135.000	0.016	1.000	1.000	1.000
108	3.144E-4	3.131	2.016	0.061	0.025	0.016	71.565	1.000	0.029	394	256	56.310	0.016	1.553	0.644	0.909
109	1.886E-4	4.273	2.047	0.045	0.019	0.013	135.000	1.000	0.022	538	257	135.000	0.016	1.464	0.683	0.857
110	5.659E-4	8.312	2.065	0.083	0.031	0.023	20.301	1.000	0.035	1046	261	26.565	0.024	1.340	0.746	0.857
111	5.030E-4	6.267	2.090	0.072	0.028	0.023	135.000	1.000	0.034	789	262	135.000	0.024	1.229	0.814	0.941
112	0.001	5.767	2.112	0.117	0.040	0.036	64.594	1.000	0.046	726	269	59.036	0.039	1.130	0.885	0.857
113	1.886E-4	9.115	2.121	0.054	0.027	0.009	90.000	0.809	0.025	1149	266	108.435	0.008	3.000	0.333	1.000
114	3.144E-4	5.896	2.129	0.067	0.020	0.020	0.000	0.873	0.025	743	267	108.435	0.022	1.000	1.000	0.714
115	5.659E-4	7.815	2.193	0.077	0.027	0.027	0.000	1.000	0.034	984	275	135.000	0.024	1.000	1.000	1.000
116	3.144E-4	8.923	2.237	0.056	0.025	0.016	161.565	1.000	0.029	1124	281	146.310	0.016	1.553	0.644	0.909
117	6.288E-4	1.867	2.254	0.088	0.031	0.025	90.000	1.000	0.035	235	282	116.565	0.024	1.236	0.809	0.909
118	1.886E-4	0.059	2.319	0.050	0.027	0.009	0.000	0.967	0.025	6	292	161.565	0.008	3.000	0.333	1.000
119	5.030E-4	3.325	2.360	0.072	0.028	0.023	135.000	1.000	0.034	418	296	135.000	0.024	1.229	0.814	0.941
120	2.515E-4	11.236	2.411	0.045	0.018	0.018	0.000	1.000	0.022	1416	303	135.000	0.016	1.000	1.000	1.000
121	3.144E-4	2.894	2.432	0.061	0.025	0.016	108.435	1.000	0.029	364	305	123.690	0.016	1.553	0.644	0.909
122	5.659E-4	0.274	2.438	0.077	0.027	0.027	0.000	1.000	0.034	33	306	135.000	0.024	1.000	1.000	1.000
123	9.432E-4	0.309	2.491	0.135	0.056	0.021	48.374	0.654	0.057	36	316	33.690	0.028	2.645	0.378	0.714
124	0.135	3.319	2.720	1.513	0.428	0.402	173.687	0.742	0.475	390	342	165.500	0.418	1.064	0.940	0.916
125	5.030E-4	0.132	2.487	0.072	0.028	0.023	45.000	1.000	0.034	15	315	45.000	0.024	1.229	0.814	0.941
126	3.144E-4	0.399	2.499	0.056	0.025	0.016	161.565	1.000	0.029	49	314	146.310	0.016	1.553	0.644	0.909
127	9.432E-4	0.193	2.516	0.112	0.040	0.030	138.394	0.942	0.046	23	315	120.964	0.034	1.330	0.752	0.789
128	0.002	0.537	2.535	0.176	0.060	0.045	157.756	0.871	0.068	63	319	159.444	0.048	1.342	0.745	0.872
129	0.001	0.341	2.543	0.110	0.042	0.031	69.615	1.000	0.046	41	323	59.036	0.032	1.371	0.729	0.889
130	0.066	0.573	2.700	2.168	0.425	0.198	166.059	0.176	0.531	36	342	9.462	0.285	2.150	0.465	0.574
131	4.401E-4	2.135	2.541	0.067	0.024	0.023	90.000	1.000	0.029	268	319	123.690	0.024	1.069	0.936	0.875
132	2.515E-4	7.414	2.537	0.045	0.018	0.018	0.000	1.000	0.022	934	319	135.000	0.016	1.000	1.000	1.000
133	1.886E-4	0.004	2.549	0.054	0.027	0.009	90.000	0.809	0.025	0	320	108.435	0.008	3.000	0.333	1.000
134	5.659E-4	0.251	2.560	0.083	0.031	0.023	69.699	1.000	0.035	31	325	63.435	0.024	1.340	0.746	0.857
135	0.136	31.048	2.779	1.592	0.613	0.283	130.949	0.676	0.642	3888	322	129.987	0.313	2.167	0.461	0.937
136	0.183	35.172	2.846	1.749	0.552	0.422	109.772	0.752	0.580	4424	322	100.235	0.459	1.306	0.765	0.922
137	0.002	5.431	2.592	0.164	0.056	0.047	62.092	0.965	0.064	682	330	60.255	0.048	1.177	0.850	0.904
138	9.432E-4	0.197	2.588	0.106	0.039	0.030	80.538	1.000	0.043	24	324	111.801	0.032	1.295	0.772	0.857
139	0.001	2.595	2.632	0.121	0.040	0.034	48.467	0.911	0.046	325	334	30.964	0.039	1.194	0.838	0.850
140	2.515E-4	4.881	2.625	0.056	0.026	0.013	148.283	1.000	0.029	614	330	146.310	0.016	2.031	0.492	0.800
141	8.803E-4	0.289	2.651	0.112	0.038	0.030	122.819	0.880	0.043	35	332	111.801	0.034	1.268	0.788	0.778
142	0.153	33.714	2.835	1.539	0.489	0.398	170.593	0.810	0.519	4225	338	145.582	0.395	1.230	0.813	0.949
143	0.002	0.219	2.680	0.137	0.049	0.039	90.000	1.000	0.053	26	335	116.565	0.040	1.268	0.789	0.889
144	0.026	0.899	2.773	0.959	0.186	0.178	30.821	0.354	0.259	106	365	49.970	0.206	1.046	0.956	0.704
145	0.244	32.223	2.996	1.950	0.659	0.472	133.512	0.807	0.680	4033	349	148.349	0.459	1.395	0.717	0.960
146	7.545E-4	7.636	2.704	0.090	0.031	0.031	0.000	1.000	0.035	962	339	116.565	0.032	1.000	1.000	0.857
147	0.125	5.213	2.898	1.368	0.435	0.367	24.752	0.842	0.451	644	389	55.751	0.356	1.187	0.843	0.958
148	0.061	4.139	2.856	0.980	0.337	0.229	47.075	0.795	0.360	505	377	50.356	0.241	1.472	0.679	0.927
149	0.307	21.392	3.097	2.164	0.770	0.508	40.867	0.825	0.782	2662	426	49.525	0.501	1.518	0.659	0.968
150	1.341	26.726	3.386	4.802	1.430	1.194	160.654	0.731	1.569	3308	349	121.361	1.223	1.197	0.835	0.939
151	0.002	2.624	2.841	0.139	0.049	0.041	32.668	1.000	0.053	328	360	26.565	0.045	1.181	0.846	0.862
152	0.001	0.256	2.840	0.126	0.052	0.029	21.186	0.944	0.057	29	360	33.690	0.032	1.795	0.557	0.905
153	0.248	19.775	3.149	1.970	0.650	0.486	40.133	0.802	0.678	2458	424	32.574	0.515	1.339	0.747	0.954
154	0.357	24.106	3.159	2.350	0.750	0.606	151.364	0.812	0.820	2995	377	150.461	0.637	1.238	0.808	0.963
155	6.288E-4	1.188	2.901	0.090	0.032	0.025	45.000	0.982	0.035	148	367	26.565	0.028	1.241	0.806	0.800
156	4.401E-4	0.646	2.928	0.072	0.024	0.023	0.000	1.000	0.029	80	368	123.690	0.024	1.069	0.936	0.875
157	0.001	4.833	2.938	0.121	0.041	0.041	0.000	1.000	0.046	608	368	120.964	0.040	1.000	1.000	0.913
158	0.001	10.838	2.974	0.128	0.046	0.039	90.000	1.000	0.050	1366	372	108.435	0.040	1.176	0.850	0.880
159	0.526	28.713	3.325	2.833	0.926	0.723	158.224	0.823	0.964	3574	382	148.794	0.723	1.280	0.781	0.966
160	2.515E-4	1.879	2.966	0.045	0.018	0.018	0.000	1.000	0.022	236	373	135.000	0.016	1.000	1.000	1.000
161	8.174E-4	3.599	2.975	0.094	0.035	0.030	45.000	1.000	0.040	452	377	36.870	0.032	1.159	0.863	0.897
162	0.621	18.038	3.380	3.162	0.909	0.871	66.898	0.781	1.009	2229	461	38.941	0.857	1.044	0.958	0.952
163	6.288E-4	1.035	2.987	0.088	0.031	0.025	90.000	1.000	0.035	129	375	116.565	0.024	1.236	0.809	0.909
164	4.401E-4	0.345	2.999	0.072	0.024	0.023	0.000	1.000	0.029	42	377	123.690	0.024	1.069	0.936	0.875
165	6.917E-4	1.734	3.029	0.090	0.036	0.025	131.028	1.000	0.040	217	380	126.870	0.028	1.450	0.689	0.846
166	0.379	10.048	3.396	2.570	0.812	0.594	32.529	0.721	0.887	1226	473	28.856	0.619	1.366	0.732	0.943
167	2.515E-4	2.036	3.073	0.061	0.022	0.015	90.000	0.857	0.025	256	386	108.435	0.016	1.468	0.681	0.800
168	0.106	22.616	3.265	1.297	0.450	0.301	148.612	0.794	0.469	2824	409	161.259	0.328	1.495	0.669	0.952
169	7.545E-4	10.301	3.130	0.094	0.035	0.027	32.067	1.000	0.040	1297	396	36.870	0.032	1.281	0.780	0.857
170	0.652	7.929	3.557	3.217	1.140	0.728	159.056	0.791	1.193	933	427	164.578	0.747	1.566	0.639	0.970
171	3.144E-4	1.963	3.160	0.067	0.020	0.020	0.000	0.873	0.025	247	397	108.435	0.022	1.000	1.000	0.714
172	0.329	15.993	3.517	2.269	0.714	0.587	103.272	0.803	0.770	1992	406	117.621	0.584	1.217	0.822	0.961
173	0.474	12.001	3.737	2.854	1.105	0.547	138.358	0.732	1.095	1474	414	128.530	0.555	2.021	0.495	0.956
174	0.198	14.340	3.582	1.756	0.618	0.408	37.743	0.808	0.638	1770	466	32.307	0.411	1.513	0.661	0.951
175	0.002	5.675	3.351	0.171	0.059	0.049	128.932	0.974	0.064	714	419	119.745	0.053	1.218	0.821	0.878
176	1.886E-4	14.227	3.337	0.045	0.019	0.013	135.000	1.000	0.022	1793	420	135.000	0.016	1.464	0.683	0.857
177	2.515E-4	5.345	3.354	0.045	0.018	0.018	0.000	1.000	0.022	673	422	135.000	0.016	1.000	1.000	1.000
178	5.030E-4	2.093	3.382	0.078	0.028	0.023	0.000	1.000	0.033	262	426	165.964	0.024	1.195	0.837	0.800
179	4.401E-4	3.667	3.408	0.072	0.024	0.023	0.000	1.000	0.029	462	428	123.690	0.024	1.069	0.936	0.875
180	2.515E-4	5.321	3.434	0.045	0.018	0.018	0.000	1.000	0.022	670	432	135.000	0.016	1.000	1.000	1.000
181	2.515E-4	6.098	3.441	0.045	0.018	0.018	0.000	1.000	0.022	768	433	135.000	0.016	1.000	1.000	1.000
182	0.115	2.925	3.688	1.480	0.588	0.249	36.684	0.659	0.597	336	484	30.311	0.262	2.360	0.424	0.933
183	0.063	5.157	3.618	0.998	0.365	0.218	152.416	0.789	0.372	630	444	146.310	0.231	1.673	0.598	0.937
184	2.515E-4	7.049	3.497	0.045	0.018	0.018	0.000	1.000	0.022	888	440	135.000	0.016	1.000	1.000	1.000
185	5.659E-4	1.985	3.522	0.083	0.031	0.023	69.699	1.000	0.035	249	446	63.435	0.024	1.340	0.746	0.857
186	8.803E-4	6.717	3.526	0.106	0.038	0.030	65.642	0.993	0.043	846	447	68.199	0.032	1.264	0.791	0.848
187	0.002	6.821	3.605	0.133	0.048	0.040	19.605	1.000	0.053	857	456	26.565	0.040	1.222	0.818	0.906
188	3.773E-4	5.400	3.731	0.061	0.027	0.018	90.000	1.000	0.029	680	469	123.690	0.016	1.500	0.667	1.000
189	0.080	3.960	3.918	1.077	0.334	0.306	63.027	0.869	0.349	483	508	39.472	0.314	1.090	0.917	0.950
190	1.886E-4	3.575	3.823	0.045	0.019	0.013	135.000	1.000	0.022	450	481	135.000	0.016	1.464	0.683	0.857
191	5.659E-4	2.685	3.911	0.083	0.031	0.023	110.301	1.000	0.035	338	491	116.565	0.024	1.340	0.746	0.857
192	0.223	34.999	4.228	1.928	0.666	0.426	132.853	0.752	0.699	4386	503	129.472	0.461	1.564	0.639	0.943
193	0.002	8.782	4.081	0.162	0.054	0.051	110.396	1.000	0.060	1106	511	113.199	0.056	1.052	0.951	0.861
194	0.143	33.587	4.252	1.538	0.589	0.309	10.766	0.759	0.583	4200	546	11.768	0.313	1.908	0.524	0.955
195	6.288E-4	2.193	4.126	0.088	0.031	0.025	90.000	1.000	0.035	276	518	116.565	0.024	1.236	0.809	0.909
196	6.288E-5	2.763	4.143	0.022	0.009	0.009	0.000	1.000	0.011	348	522	135.000	0.008	1.000	1.000	1.000
197	5.659E-4	4.334	4.159	0.077	0.027	0.027	0.000	1.000	0.034	545	523	135.000	0.024	1.000	1.000	1.000
198	5.030E-4	3.214	4.190	0.072	0.028	0.023	45.000	1.000	0.034	404	530	45.000	0.024	1.229	0.814	0.941
199	0.080	5.195	4.391	1.194	0.430	0.236	107.376	0.702	0.452	644	531	111.615	0.262	1.825	0.548	0.925
200	0.231	32.119	4.437	1.871	0.643	0.458	163.992	0.830	0.671	4008	551	173.211	0.476	1.402	0.713	0.965
201	1.886E-4	0.350	4.233	0.045	0.019	0.013	135.000	1.000	0.022	43	533	135.000	0.016	1.464	0.683	0.857
202	1.886E-4	3.155	4.236	0.045	0.019	0.013	135.000	1.000	0.022	397	533	135.000	0.016	1.464	0.683	0.857
203	0.001	7.404	4.287	0.117	0.042	0.036	45.001	1.000	0.046	931	542	30.964	0.039	1.161	0.861	0.884
204	5.659E-4	11.880	4.309	0.083	0.031	0.023	20.301	1.000	0.035	1496	544	26.565	0.024	1.340	0.746	0.857
205	1.387	22.654	4.965	4.934	1.718	1.028	32.821	0.716	1.760	2755	629	15.414	1.112	1.672	0.598	0.964
206	0.166	30.679	4.614	1.627	0.564	0.376	139.576	0.789	0.597	3833	573	156.501	0.372	1.500	0.667	0.951
207	0.067	3.067	4.555	1.018	0.327	0.262	33.491	0.815	0.348	367	585	41.309	0.269	1.247	0.802	0.935
208	1.258E-4	2.847	4.433	0.045	0.021	0.008	135.000	0.785	0.022	358	558	135.000	0.011	2.646	0.378	0.667
209	0.107	3.967	4.692	1.490	0.625	0.217	32.051	0.603	0.603	470	612	35.362	0.229	2.878	0.347	0.932
210	0.458	28.562	4.975	2.798	0.986	0.592	156.147	0.735	1.025	3541	626	171.995	0.616	1.667	0.600	0.955
211	0.001	2.704	4.611	0.106	0.039	0.033	90.000	1.000	0.043	340	579	111.801	0.032	1.209	0.827	0.889
212	1.066	20.271	5.196	4.242	1.530	0.887	12.654	0.744	1.549	2457	690	8.835	0.892	1.726	0.579	0.964
213	0.400	26.569	5.060	2.581	0.949	0.537	159.197	0.755	0.962	3305	599	148.145	0.535	1.768	0.566	0.973
214	8.803E-4	2.821	4.743	0.106	0.038	0.030	24.358	0.993	0.043	353	599	21.801	0.032	1.264	0.791	0.848
215	4.401E-4	2.343	4.748	0.072	0.024	0.023	0.000	1.000	0.029	295	597	123.690	0.024	1.069	0.936	0.875
216	8.803E-4	3.377	4.756	0.104	0.037	0.030	35.515	1.000	0.045	424	602	45.000	0.032	1.239	0.807	0.933
217	2.008	7.522	5.806	6.076	2.148	1.190	94.928	0.684	2.250	921	600	101.587	1.307	1.805	0.554	0.964
218	0.092	24.819	4.929	1.171	0.401	0.293	32.318	0.845	0.398	3112	640	47.420	0.292	1.368	0.731	0.955
219	6.288E-4	3.208	4.855	0.088	0.031	0.025	90.000	1.000	0.035	404	610	116.565	0.024	1.236	0.809	0.909
220	1.008	16.027	5.487	4.173	1.284	1.000	13.244	0.728	1.437	1928	691	171.110	0.985	1.284	0.779	0.955
221	0.018	18.829	4.944	0.507	0.166	0.137	23.339	0.876	0.183	2366	630	34.380	0.143	1.214	0.824	0.928
222	0.005	2.828	4.980	0.248	0.081	0.079	127.206	1.000	0.089	354	623	116.565	0.079	1.032	0.969	0.930
223	2.515E-4	5.138	4.948	0.045	0.018	0.018	0.000	1.000	0.022	647	623	135.000	0.016	1.000	1.000	1.000
224	0.321	18.287	5.209	2.297	0.824	0.496	171.212	0.765	0.851	2255	633	163.761	0.485	1.662	0.602	0.963
225	1.976	9.831	6.044	5.772	1.801	1.397	105.265	0.745	1.866	1223	634	110.129	1.481	1.290	0.775	0.962
226	6.288E-4	2.260	5.095	0.083	0.035	0.023	26.565	1.000	0.040	283	644	36.870	0.024	1.551	0.645	0.909
227	0.012	17.820	5.175	0.448	0.151	0.102	71.241	0.759	0.163	2244	661	67.166	0.119	1.481	0.675	0.879
228	5.030E-4	3.088	5.125	0.072	0.028	0.023	45.000	1.000	0.034	388	648	45.000	0.024	1.229	0.814	0.941
229	0.056	4.868	5.238	1.149	0.372	0.193	12.209	0.537	0.414	587	670	16.699	0.238	1.930	0.518	0.803
230	0.065	3.776	5.340	1.095	0.371	0.222	106.768	0.676	0.375	474	650	96.072	0.231	1.670	0.599	0.910
231	0.713	12.287	5.749	3.514	1.159	0.783	110.489	0.725	1.191	1530	800	86.947	0.810	1.480	0.676	0.955
232	6.288E-5	2.621	5.182	0.022	0.009	0.009	0.000	1.000	0.011	330	653	135.000	0.008	1.000	1.000	1.000
233	0.082	2.754	5.368	1.236	0.408	0.257	55.309	0.677	0.449	331	697	42.138	0.271	1.587	0.630	0.894
234	4.401E-4	2.618	5.214	0.067	0.024	0.023	90.000	1.000	0.029	329	656	123.690	0.024	1.069	0.936	0.875
235	0.001	0.497	5.226	0.110	0.042	0.031	20.385	1.000	0.046	60	660	30.964	0.032	1.371	0.729	0.889
236	0.002	2.215	5.286	0.171	0.059	0.052	54.057	1.000	0.064	276	669	29.745	0.056	1.135	0.881	0.905
237	0.176	33.603	5.562	1.717	0.571	0.392	71.530	0.748	0.591	4242	664	96.934	0.431	1.457	0.686	0.949
238	0.518	14.466	5.818	3.068	1.012	0.652	110.921	0.692	1.038	1800	674	112.452	0.664	1.551	0.645	0.949
239	0.140	34.808	5.557	1.438	0.428	0.418	76.313	0.853	0.458	4366	714	27.897	0.416	1.023	0.978	0.953
240	1.886E-4	0.620	5.375	0.045	0.019	0.013	135.000	1.000	0.022	77	677	135.000	0.016	1.464	0.683	0.857
241	3.773E-4	4.667	5.408	0.061	0.027	0.018	0.000	1.000	0.029	587	681	146.310	0.016	1.500	0.667	1.000
242	0.183	32.063	5.775	1.732	0.563	0.415	80.119	0.769	0.587	4043	688	103.285	0.421	1.356	0.738	0.949
243	1.886E-4	2.512	5.639	0.045	0.019	0.013	135.000	1.000	0.022	316	710	135.000	0.016	1.464	0.683	0.857
244	0.004	3.428	5.680	0.214	0.070	0.064	81.512	0.967	0.075	431	712	108.435	0.063	1.087	0.920	0.911
245	0.261	30.556	5.928	2.126	0.750	0.442	169.261	0.725	0.819	3805	741	171.085	0.479	1.696	0.590	0.951
246	0.003	19.344	5.828	0.182	0.061	0.056	81.520	1.000	0.068	2438	739	69.444	0.056	1.085	0.921	0.905
247	0.039	3.791	6.022	0.737	0.235	0.210	81.669	0.898	0.244	475	774	76.866	0.212	1.118	0.894	0.949
248	4.401E-4	3.620	5.977	0.072	0.024	0.023	0.000	1.000	0.029	456	752	123.690	0.024	1.069	0.936	0.875
249	1.886E-4	4.233	5.972	0.045	0.019	0.013	135.000	1.000	0.022	533	752	135.000	0.016	1.464	0.683	0.857
250	0.074	4.506	6.148	1.044	0.331	0.283	3.280	0.849	0.342	555	793	42.184	0.293	1.171	0.854	0.944
251	0.011	19.288	6.118	0.401	0.136	0.106	85.693	0.891	0.146	2429	763	102.529	0.111	1.285	0.778	0.916
252	6.288E-5	3.556	6.118	0.022	0.009	0.009	0.000	1.000	0.011	448	771	135.000	0.008	1.000	1.000	1.000
253	0.070	2.826	6.297	1.019	0.360	0.246	112.251	0.843	0.370	343	775	120.964	0.261	1.460	0.685	0.944
254	0.003	4.280	6.196	0.191	0.067	0.055	57.279	0.992	0.075	537	785	57.995	0.056	1.220	0.819	0.929
255	3.773E-4	19.019	6.185	0.061	0.027	0.018	0.000	1.000	0.029	2397	779	146.310	0.016	1.500	0.667	1.000
256	0.174	34.940	6.477	1.736	0.647	0.343	137.745	0.728	0.651	4374	787	137.961	0.373	1.884	0.531	0.928
257	8.174E-4	19.252	6.240	0.094	0.035	0.030	135.000	1.000	0.040	2426	785	126.870	0.032	1.159	0.863	0.897
258	6.917E-4	4.306	6.305	0.090	0.032	0.028	18.435	1.000	0.035	541	794	153.435	0.032	1.139	0.878	0.815
259	1.886E-4	5.193	6.393	0.045	0.019	0.013	135.000	1.000	0.022	654	805	135.000	0.016	1.464	0.683	0.857
260	0.494	26.799	6.821	2.843	0.833	0.756	81.194	0.768	0.935	3343	904	50.505	0.766	1.102	0.908	0.940
261	0.373	28.502	6.758	2.431	0.733	0.648	11.632	0.792	0.816	3549	869	21.077	0.646	1.131	0.884	0.960
262	0.299	30.534	6.739	2.094	0.682	0.558	63.048	0.856	0.737	3822	886	53.746	0.571	1.222	0.819	0.971
263	2.515E-4	23.384	6.502	0.045	0.018	0.018	0.000	1.000	0.022	2948	819	135.000	0.016	1.000	1.000	1.000
264	0.012	24.384	6.569	0.428	0.144	0.108	163.200	0.842	0.148	3066	828	164.476	0.117	1.327	0.753	0.915
265	0.001	7.145	6.593	0.137	0.056	0.033	93.702	0.964	0.058	900	828	105.945	0.032	1.707	0.586	0.902
266	0.148	33.529	6.826	1.527	0.481	0.392	86.506	0.799	0.504	4214	829	102.724	0.381	1.227	0.815	0.962
267	0.004	19.303	6.645	0.236	0.078	0.069	69.696	0.962	0.085	2432	843	68.199	0.071	1.127	0.887	0.907
268	0.107	31.994	6.885	1.264	0.395	0.346	144.162	0.844	0.422	4017	848	140.332	0.359	1.142	0.876	0.954
269	8.803E-4	21.309	6.739	0.101	0.038	0.030	24.358	1.000	0.043	2685	851	21.801	0.032	1.264	0.791	0.848
270	0.085	2.817	7.006	1.383	0.459	0.236	57.244	0.558	0.495	351	917	74.181	0.285	1.949	0.513	0.777
271	0.080	25.270	6.942	1.132	0.394	0.258	19.681	0.785	0.407	3165	891	33.071	0.270	1.526	0.655	0.950
272	0.004	18.642	6.858	0.236	0.082	0.065	152.239	0.948	0.090	2347	861	142.125	0.071	1.267	0.789	0.899
273	0.018	21.586	6.922	0.504	0.187	0.121	58.108	0.879	0.195	2717	884	63.435	0.128	1.547	0.646	0.939
274	2.515E-4	0.833	6.851	0.045	0.018	0.018	0.000	1.000	0.022	104	863	135.000	0.016	1.000	1.000	1.000
275	2.515E-4	3.782	6.867	0.045	0.018	0.018	0.000	1.000	0.022	476	865	135.000	0.016	1.000	1.000	1.000
276	0.014	3.966	6.946	0.461	0.163	0.111	177.386	0.843	0.177	489	875	169.695	0.119	1.463	0.684	0.917
277	0.009	22.924	6.959	0.349	0.121	0.097	78.592	0.946	0.128	2888	885	68.199	0.095	1.251	0.799	0.942
278	0.049	23.137	7.041	0.854	0.279	0.225	114.086	0.849	0.292	2905	874	130.601	0.229	1.244	0.804	0.945
279	0.011	25.905	6.996	0.391	0.138	0.100	136.048	0.892	0.146	3259	877	150.642	0.107	1.378	0.726	0.908
280	0.423	18.171	7.310	2.867	1.036	0.520	12.971	0.648	1.050	2227	946	13.092	0.559	1.992	0.502	0.907
281	0.054	4.617	7.176	0.913	0.335	0.203	89.446	0.807	0.339	579	883	100.784	0.214	1.648	0.607	0.944
282	0.215	19.768	7.225	1.971	0.765	0.358	8.527	0.695	0.760	2442	917	11.427	0.364	2.137	0.468	0.946
283	0.055	20.875	7.172	0.917	0.325	0.214	122.501	0.818	0.338	2622	887	129.289	0.225	1.519	0.658	0.946
284	0.014	4.029	7.102	0.432	0.147	0.120	136.125	0.926	0.154	501	889	124.509	0.123	1.226	0.816	0.946
285	0.981	12.239	7.573	4.156	1.499	0.833	4.672	0.714	1.495	1444	951	7.313	0.875	1.800	0.556	0.956
286	6.288E-4	10.768	7.218	0.083	0.033	0.025	2.596E-14	1.000	0.035	1356	909	153.435	0.024	1.327	0.753	0.909
287	0.036	24.516	7.382	0.804	0.313	0.145	131.801	0.692	0.325	3079	914	133.025	0.157	2.168	0.461	0.896
288	0.188	15.441	7.585	1.885	0.696	0.343	150.440	0.663	0.712	1917	929	142.237	0.367	2.029	0.493	0.932
289	0.206	14.107	7.740	1.756	0.555	0.472	165.821	0.838	0.585	1741	980	15.732	0.476	1.174	0.852	0.966
290	1.886E-4	19.252	7.566	0.045	0.019	0.013	135.000	1.000	0.022	2427	953	135.000	0.016	1.464	0.683	0.857
291	0.041	10.439	7.689	0.811	0.269	0.193	179.962	0.780	0.284	1302	979	22.989	0.206	1.397	0.716	0.906
292	0.347	7.037	7.966	2.271	0.708	0.623	70.724	0.845	0.739	867	1048	67.286	0.653	1.136	0.880	0.964
293	0.083	2.881	7.833	1.149	0.406	0.261	135.557	0.793	0.428	350	965	128.991	0.272	1.555	0.643	0.948
294	4.401E-4	18.210	7.674	0.072	0.024	0.023	0.000	1.000	0.029	2296	966	123.690	0.024	1.069	0.936	0.875
295	0.059	23.283	7.816	0.926	0.285	0.263	14.748	0.863	0.304	2916	991	15.124	0.262	1.085	0.921	0.957
296	9.432E-4	18.293	7.707	0.104	0.037	0.033	45.001	1.000	0.045	2305	974	45.000	0.032	1.137	0.880	0.968
297	0.131	24.204	7.965	1.458	0.546	0.306	64.178	0.775	0.575	3040	1037	65.556	0.326	1.786	0.560	0.958
298	0.344	25.490	8.057	2.309	0.746	0.587	119.523	0.811	0.817	3191	973	120.296	0.630	1.271	0.787	0.969
299	0.199	32.116	7.943	1.822	0.680	0.372	152.621	0.752	0.660	4015	977	141.340	0.372	1.830	0.547	0.959
300	0.106	8.652	7.934	1.288	0.413	0.327	67.943	0.804	0.435	1086	1028	75.203	0.342	1.261	0.793	0.933
301	0.001	0.846	7.762	0.128	0.043	0.039	75.964	1.000	0.050	106	982	71.565	0.040	1.116	0.896	0.857
302	3.773E-4	18.114	7.750	0.067	0.025	0.019	135.000	1.000	0.029	2283	976	123.690	0.022	1.291	0.775	0.800
303	0.064	9.581	7.932	1.018	0.395	0.207	60.068	0.778	0.392	1198	1022	58.241	0.207	1.912	0.523	0.953
304	0.104	3.907	7.959	1.257	0.414	0.320	15.867	0.828	0.442	466	1008	9.293	0.333	1.293	0.773	0.944
305	0.066	18.886	7.949	1.006	0.354	0.236	141.548	0.816	0.366	2362	994	150.101	0.247	1.500	0.667	0.946
306	0.328	27.044	8.160	2.259	0.765	0.545	106.598	0.807	0.788	3387	991	113.728	0.567	1.403	0.713	0.970
307	0.184	33.417	8.079	1.736	0.567	0.413	150.229	0.767	0.622	4179	1006	150.164	0.459	1.372	0.729	0.948
308	0.137	34.812	8.024	1.533	0.577	0.303	7.317	0.734	0.582	4354	1017	6.254	0.323	1.904	0.525	0.947
309	0.049	22.770	8.010	0.865	0.303	0.205	128.963	0.820	0.322	2861	993	127.999	0.213	1.477	0.677	0.942
310	0.780	28.639	8.466	3.692	1.380	0.719	129.398	0.719	1.469	3557	996	127.983	0.764	1.918	0.521	0.965
311	0.015	4.963	8.018	0.469	0.147	0.127	42.019	0.842	0.161	618	1016	32.905	0.134	1.157	0.864	0.919
312	0.336	30.635	8.451	2.398	0.796	0.537	179.711	0.734	0.846	3807	1063	167.005	0.596	1.483	0.674	0.935
313	6.917E-4	2.630	8.213	0.094	0.030	0.029	45.002	0.976	0.035	330	1034	116.565	0.032	1.035	0.966	0.846
314	1.886E-4	4.172	8.224	0.045	0.019	0.013	45.000	1.000	0.022	525	1038	45.000	0.016	1.464	0.683	0.857
315	0.626	19.668	8.597	3.320	1.078	0.739	174.133	0.713	1.117	2430	1044	146.874	0.735	1.460	0.685	0.928
316	1.258E-4	4.528	8.239	0.045	0.021	0.008	135.000	0.785	0.022	570	1038	135.000	0.011	2.646	0.378	0.667
317	0.001	21.107	8.267	0.117	0.038	0.036	90.000	0.985	0.043	2661	1040	111.801	0.039	1.044	0.957	0.850
318	0.185	20.666	8.549	1.734	0.592	0.399	127.741	0.775	0.616	2602	1041	104.931	0.416	1.483	0.674	0.946
319	0.004	22.327	8.291	0.239	0.091	0.060	1.188	0.941	0.093	2810	1047	19.983	0.056	1.505	0.665	0.944
320	0.058	21.784	8.489	0.941	0.317	0.234	118.797	0.827	0.341	2735	1052	114.775	0.247	1.358	0.737	0.943
321	0.099	23.621	8.566	1.189	0.370	0.340	120.559	0.878	0.394	2969	1058	105.154	0.345	1.090	0.917	0.951
322	1.886E-4	7.019	8.420	0.045	0.019	0.013	135.000	1.000	0.022	884	1061	135.000	0.016	1.464	0.683	0.857
323	0.230	13.143	8.792	1.991	0.655	0.446	73.493	0.727	0.672	1638	1146	78.425	0.434	1.469	0.681	0.950
324	7.545E-4	7.284	8.454	0.094	0.034	0.028	124.722	1.000	0.040	917	1064	126.870	0.032	1.218	0.821	0.889
325	0.408	17.507	8.760	2.517	0.800	0.649	4.743	0.809	0.856	2158	1127	29.416	0.644	1.232	0.812	0.961
326	2.515E-4	12.156	8.493	0.045	0.018	0.018	0.000	1.000	0.022	1532	1070	135.000	0.016	1.000	1.000	1.000
327	0.010	6.538	8.579	0.376	0.143	0.088	57.140	0.876	0.154	819	1090	55.491	0.095	1.634	0.612	0.940
328	0.199	12.024	8.907	1.768	0.592	0.428	67.526	0.800	0.641	1511	1159	77.856	0.449	1.382	0.724	0.956
329	0.131	16.170	8.856	1.489	0.444	0.376	121.661	0.743	0.509	2033	1083	120.964	0.402	1.181	0.847	0.944
330	0.086	2.580	8.832	1.149	0.396	0.278	98.005	0.821	0.404	316	1090	105.945	0.279	1.427	0.701	0.948
331	2.515E-4	3.402	8.663	0.061	0.026	0.013	121.717	0.857	0.029	428	1091	123.690	0.016	2.031	0.492	0.800
332	0.173	15.313	8.883	1.733	0.610	0.362	158.605	0.725	0.628	1902	1095	142.696	0.382	1.685	0.594	0.909
333	0.003	18.132	8.739	0.209	0.080	0.049	35.761	0.885	0.086	2282	1105	33.690	0.055	1.635	0.612	0.875
334	0.128	14.000	8.995	1.428	0.438	0.371	44.623	0.786	0.466	1739	1146	31.799	0.391	1.181	0.846	0.919
335	0.052	4.080	8.919	0.890	0.325	0.205	37.180	0.832	0.337	496	1136	34.439	0.218	1.582	0.632	0.953
336	0.161	32.032	9.098	1.602	0.552	0.372	112.011	0.790	0.550	4011	1128	137.337	0.381	1.484	0.674	0.929
337	0.115	25.318	9.016	1.308	0.458	0.318	16.447	0.841	0.469	3165	1146	23.962	0.328	1.440	0.695	0.960
338	0.329	7.178	9.309	2.429	0.732	0.571	82.355	0.700	0.819	915	1224	86.112	0.631	1.282	0.780	0.924
339	0.197	9.245	9.174	1.860	0.679	0.370	145.085	0.717	0.724	1132	1125	138.106	0.382	1.838	0.544	0.950
340	0.071	8.430	9.092	1.030	0.366	0.247	81.284	0.843	0.385	1059	1170	75.677	0.254	1.481	0.675	0.956
341	0.181	10.549	9.177	1.653	0.521	0.443	129.516	0.835	0.550	1304	1136	133.831	0.455	1.176	0.850	0.963
342	0.113	34.716	9.175	1.425	0.516	0.278	137.076	0.697	0.517	4356	1134	138.731	0.292	1.860	0.538	0.922
343	0.156	26.672	9.285	1.597	0.551	0.361	86.267	0.769	0.573	3363	1134	94.764	0.385	1.525	0.656	0.933
344	6.288E-5	0.559	9.004	0.022	0.009	0.009	0.000	1.000	0.011	70	1135	135.000	0.008	1.000	1.000	1.000
345	6.917E-4	6.867	9.021	0.094	0.036	0.025	41.028	0.976	0.040	864	1139	36.870	0.028	1.450	0.689	0.846
346	0.123	33.484	9.288	1.352	0.445	0.352	130.586	0.845	0.449	4208	1147	132.138	0.344	1.265	0.790	0.954
347	5.659E-4	15.469	9.116	0.078	0.031	0.023	20.301	1.000	0.035	1949	1151	26.565	0.024	1.340	0.746	0.857
348	2.515E-4	19.634	9.182	0.045	0.018	0.018	0.000	1.000	0.022	2475	1157	135.000	0.016	1.000	1.000	1.000
349	0.004	17.566	9.287	0.238	0.083	0.061	41.718	0.877	0.090	2211	1175	45.000	0.067	1.363	0.734	0.857
350	0.006	8.233	9.313	0.273	0.088	0.081	26.040	0.946	0.097	1033	1178	34.992	0.079	1.076	0.929	0.927
351	0.025	24.884	9.351	0.599	0.212	0.149	8.331	0.869	0.218	3125	1184	10.491	0.151	1.427	0.701	0.946
352	0.129	20.750	9.517	1.465	0.551	0.297	158.806	0.753	0.574	2581	1189	162.316	0.324	1.853	0.540	0.944
353	0.054	23.526	9.543	0.895	0.292	0.235	2.017	0.844	0.305	2948	1204	171.027	0.238	1.242	0.805	0.931
354	0.075	22.227	9.596	1.076	0.359	0.265	47.523	0.812	0.393	2786	1230	43.363	0.279	1.351	0.740	0.951
355	0.005	23.761	9.502	0.259	0.095	0.063	72.414	0.874	0.100	2994	1204	71.565	0.067	1.510	0.662	0.886
356	3.773E-4	13.782	9.480	0.061	0.027	0.018	90.000	1.000	0.029	1737	1194	123.690	0.016	1.500	0.667	1.000
357	0.003	15.267	9.505	0.198	0.072	0.055	2.621	0.988	0.075	1921	1197	161.565	0.056	1.318	0.759	0.899
358	0.010	6.873	9.551	0.399	0.138	0.095	135.676	0.815	0.151	859	1199	132.879	0.106	1.455	0.687	0.906
359	0.120	15.516	9.698	1.368	0.457	0.336	15.993	0.809	0.501	1925	1231	23.318	0.359	1.359	0.736	0.957
360	2.515E-4	0.670	9.545	0.056	0.022	0.015	0.000	1.000	0.025	83	1203	161.565	0.016	1.468	0.681	0.800
361	0.012	2.782	9.635	0.417	0.141	0.110	107.394	0.884	0.150	350	1205	108.435	0.117	1.285	0.778	0.924
362	0.001	3.850	9.581	0.117	0.040	0.034	41.645	0.985	0.046	483	1210	30.964	0.039	1.177	0.850	0.829
363	0.003	16.799	9.658	0.205	0.074	0.052	68.097	0.906	0.083	2117	1223	73.301	0.056	1.427	0.701	0.873
364	0.006	13.749	9.685	0.289	0.106	0.071	93.568	0.892	0.110	1731	1215	111.038	0.071	1.487	0.672	0.926
365	0.381	25.303	10.027	2.521	0.782	0.621	83.358	0.754	0.851	3164	1220	115.372	0.611	1.259	0.794	0.945
366	0.005	6.968	9.711	0.257	0.091	0.066	107.552	0.899	0.097	875	1220	124.992	0.070	1.390	0.720	0.904
367	0.249	30.479	9.923	2.386	0.709	0.447	24.446	0.549	0.771	3808	1287	36.634	0.494	1.585	0.631	0.897
368	0.076	19.884	9.874	1.095	0.398	0.242	117.060	0.794	0.412	2495	1222	120.018	0.265	1.642	0.609	0.947
369	0.019	15.825	9.793	0.523	0.172	0.138	72.521	0.855	0.185	1990	1245	59.036	0.146	1.251	0.799	0.926
370	0.159	17.501	9.925	1.642	0.522	0.388	175.976	0.741	0.548	2175	1269	34.380	0.393	1.345	0.744	0.913
371	0.109	16.437	9.905	1.279	0.437	0.319	163.884	0.841	0.441	2047	1242	162.216	0.321	1.371	0.729	0.963
372	0.452	28.396	10.160	2.679	0.876	0.657	12.207	0.792	0.943	3521	1279	172.755	0.664	1.334	0.749	0.962
373	5.030E-4	13.824	9.796	0.072	0.028	0.023	45.000	1.000	0.034	1742	1237	45.000	0.024	1.229	0.814	0.941
374	0.259	26.347	10.127	2.001	0.627	0.525	68.655	0.812	0.651	3297	1311	58.438	0.520	1.195	0.837	0.951
375	0.046	21.462	10.022	0.807	0.253	0.233	113.619	0.895	0.267	2691	1258	149.621	0.236	1.085	0.922	0.949
376	0.097	13.181	10.072	1.260	0.483	0.256	152.101	0.767	0.490	1638	1251	145.539	0.266	1.888	0.530	0.953
377	0.233	32.028	10.198	1.965	0.712	0.416	138.978	0.758	0.760	4004	1252	140.500	0.448	1.710	0.585	0.951
378	0.010	19.433	9.972	0.383	0.132	0.099	13.685	0.879	0.146	2442	1262	22.380	0.103	1.343	0.745	0.934
379	6.917E-4	3.032	9.938	0.094	0.030	0.029	45.002	0.976	0.035	382	1251	116.565	0.032	1.035	0.966	0.846
380	0.005	2.034	9.968	0.259	0.089	0.071	29.231	0.933	0.095	252	1261	41.634	0.074	1.262	0.792	0.893
381	0.137	14.357	10.196	1.478	0.500	0.349	121.865	0.789	0.521	1811	1252	98.746	0.357	1.432	0.698	0.949
382	0.057	18.407	10.098	0.913	0.282	0.259	51.269	0.865	0.309	2308	1287	48.122	0.270	1.086	0.921	0.948
383	2.515E-4	2.256	9.983	0.056	0.026	0.013	148.283	1.000	0.029	283	1258	146.310	0.016	2.031	0.492	0.800
384	0.001	5.051	10.027	0.106	0.039	0.033	90.000	1.000	0.043	636	1262	111.801	0.032	1.209	0.827	0.889
385	0.054	24.040	10.172	0.883	0.274	0.252	34.359	0.875	0.294	3015	1292	38.418	0.261	1.089	0.919	0.949
386	0.002	21.083	10.070	0.155	0.054	0.046	31.174	1.000	0.060	2655	1271	23.199	0.048	1.156	0.865	0.886
387	0.387	12.105	10.350	2.425	0.806	0.612	179.314	0.828	0.838	1473	1309	10.353	0.626	1.316	0.760	0.970
388	0.004	22.843	10.155	0.225	0.077	0.067	43.845	1.000	0.086	2876	1283	33.690	0.071	1.151	0.869	0.922
389	0.251	33.468	10.449	2.045	0.721	0.444	126.402	0.756	0.739	4182	1285	144.605	0.438	1.623	0.616	0.954
390	0.439	8.856	10.531	2.642	0.778	0.718	169.114	0.790	0.852	1062	1326	14.554	0.749	1.084	0.922	0.966
391	5.659E-4	16.736	10.252	0.083	0.031	0.023	69.699	1.000	0.035	2110	1295	63.435	0.024	1.340	0.746	0.857
392	0.129	34.634	10.507	1.452	0.463	0.355	31.719	0.770	0.498	4338	1339	13.815	0.363	1.303	0.767	0.939
393	0.381	10.663	10.636	2.675	1.022	0.474	22.309	0.668	1.017	1277	1362	10.784	0.507	2.155	0.464	0.967
394	5.030E-4	3.571	10.401	0.072	0.028	0.023	135.000	1.000	0.034	449	1310	135.000	0.024	1.229	0.814	0.941
395	0.166	7.544	10.680	1.586	0.539	0.392	86.635	0.829	0.561	949	1312	98.130	0.413	1.374	0.728	0.958
396	0.170	23.120	10.677	1.673	0.543	0.398	10.456	0.762	0.587	2878	1348	18.925	0.406	1.364	0.733	0.950
397	2.515E-4	16.731	10.491	0.045	0.018	0.018	0.000	1.000	0.022	2109	1322	135.000	0.016	1.000	1.000	1.000
398	0.102	18.923	10.763	1.253	0.430	0.303	115.134	0.820	0.457	2381	1330	110.323	0.315	1.419	0.705	0.952
399	0.109	24.199	10.777	1.287	0.409	0.339	169.961	0.826	0.434	3025	1358	170.538	0.355	1.209	0.827	0.944
400	0.050	9.575	10.786	0.908	0.295	0.215	32.965	0.760	0.322	1192	1372	37.999	0.227	1.371	0.729	0.917
401	0.149	21.785	10.877	1.660	0.636	0.299	156.719	0.681	0.641	2712	1361	164.932	0.318	2.123	0.471	0.937
402	0.075	20.848	10.845	1.110	0.407	0.234	38.337	0.762	0.427	2610	1387	41.987	0.246	1.741	0.574	0.913
403	2.515E-4	17.929	10.697	0.045	0.018	0.018	0.000	1.000	0.022	2260	1348	135.000	0.016	1.000	1.000	1.000
404	0.067	7.048	10.877	1.113	0.371	0.231	93.117	0.684	0.374	888	1396	85.135	0.243	1.604	0.623	0.931
405	4.401E-4	4.357	10.775	0.072	0.024	0.023	0.000	1.000	0.029	549	1357	123.690	0.024	1.069	0.936	0.875
406	5.030E-4	14.633	10.805	0.072	0.028	0.023	135.000	1.000	0.034	1844	1361	135.000	0.024	1.229	0.814	0.941
407	5.030E-4	2.304	10.824	0.083	0.028	0.023	90.000	0.914	0.033	290	1363	104.036	0.024	1.195	0.837	0.800
408	0.054	18.055	10.942	0.904	0.313	0.220	175.163	0.831	0.323	2256	1381	11.310	0.222	1.427	0.701	0.949
409	4.401E-4	6.789	10.875	0.067	0.024	0.023	90.000	1.000	0.029	855	1370	123.690	0.024	1.069	0.936	0.875
410	0.072	17.262	11.024	1.086	0.365	0.252	55.391	0.768	0.385	2156	1402	36.634	0.250	1.451	0.689	0.925
411	0.054	16.365	10.994	0.899	0.323	0.213	5.199	0.838	0.333	2044	1391	12.381	0.222	1.515	0.660	0.951
412	0.001	8.006	10.942	0.133	0.052	0.035	56.694	1.000	0.057	1008	1383	56.310	0.039	1.473	0.679	0.902
413	2.515E-4	0.238	10.943	0.045	0.018	0.018	0.000	1.000	0.022	29	1379	135.000	0.016	1.000	1.000	1.000
414	4.401E-4	3.604	10.952	0.072	0.024	0.023	0.000	1.000	0.029	453	1380	123.690	0.024	1.069	0.936	0.875
415	0.347	30.450	11.208	2.411	0.870	0.507	175.787	0.749	0.901	3788	1394	167.800	0.535	1.717	0.582	0.960
416	0.062	3.467	11.118	0.946	0.306	0.259	153.351	0.875	0.321	421	1392	147.095	0.266	1.182	0.846	0.952
417	0.066	10.280	11.131	1.086	0.362	0.230	128.505	0.699	0.379	1280	1388	142.651	0.252	1.572	0.636	0.879
418	0.357	28.373	11.392	2.377	0.841	0.540	65.772	0.793	0.872	3546	1484	53.130	0.547	1.556	0.643	0.961
419	0.132	32.009	11.226	1.406	0.430	0.391	74.759	0.839	0.462	4026	1440	59.036	0.388	1.101	0.908	0.962
420	0.145	7.821	11.209	1.583	0.530	0.348	177.678	0.726	0.539	953	1422	19.767	0.368	1.523	0.657	0.932
421	2.515E-4	24.122	11.078	0.045	0.018	0.018	0.000	1.000	0.022	3041	1396	135.000	0.016	1.000	1.000	1.000
422	0.069	13.677	11.346	0.999	0.325	0.269	89.499	0.866	0.346	1718	1451	69.905	0.270	1.209	0.827	0.958
423	0.103	14.497	11.355	1.263	0.392	0.336	58.705	0.813	0.417	1820	1459	51.170	0.348	1.166	0.857	0.951
424	3.773E-4	6.788	11.201	0.061	0.027	0.018	90.000	1.000	0.029	855	1411	123.690	0.016	1.500	0.667	1.000
425	0.077	12.936	11.405	1.105	0.398	0.248	91.002	0.797	0.412	1627	1412	101.094	0.262	1.607	0.622	0.941
426	0.064	15.444	11.458	1.149	0.403	0.202	60.343	0.608	0.436	1937	1468	70.907	0.216	1.994	0.501	0.885
427	6.288E-4	20.898	11.305	0.088	0.031	0.025	90.000	1.000	0.035	2634	1424	116.565	0.024	1.236	0.809	0.909
428	0.084	10.416	11.460	1.160	0.380	0.280	20.278	0.782	0.403	1291	1457	36.193	0.298	1.357	0.737	0.930
429	0.089	20.795	11.512	1.157	0.411	0.274	110.431	0.832	0.437	2615	1425	105.803	0.286	1.499	0.667	0.948
430	0.140	34.619	11.552	1.508	0.531	0.336	119.143	0.773	0.551	4353	1426	112.874	0.352	1.581	0.633	0.941
431	0.117	11.414	11.587	1.417	0.534	0.278	120.931	0.730	0.540	1427	1428	112.426	0.292	1.922	0.520	0.930
432	6.288E-4	27.884	11.342	0.088	0.031	0.025	90.000	1.000	0.035	3516	1428	116.565	0.024	1.236	0.809	0.909
433	0.027	3.090	11.433	0.666	0.262	0.131	139.549	0.764	0.264	375	1433	147.265	0.142	1.993	0.502	0.914
434	0.086	12.084	11.478	1.140	0.409	0.268	161.713	0.832	0.419	1499	1438	164.650	0.277	1.527	0.655	0.952
435	8.174E-4	0.748	11.352	0.106	0.040	0.026	29.577	0.922	0.046	92	1433	30.964	0.032	1.530	0.654	0.812
436	6.288E-4	15.375	11.351	0.083	0.035	0.023	26.565	1.000	0.040	1937	1433	36.870	0.024	1.551	0.645	0.909
437	0.116	21.929	11.532	1.327	0.468	0.315	145.724	0.827	0.499	2742	1435	147.319	0.325	1.487	0.673	0.958
438	0.254	26.512	11.633	2.097	0.738	0.437	21.021	0.725	0.772	3300	1481	9.462	0.425	1.688	0.592	0.956
439	0.143	33.338	11.597	1.453	0.448	0.405	26.119	0.850	0.484	4173	1469	21.105	0.423	1.106	0.904	0.952
440	3.773E-4	1.003	11.411	0.061	0.027	0.018	0.000	1.000	0.029	125	1438	146.310	0.016	1.500	0.667	1.000
441	0.020	2.411	11.513	0.595	0.200	0.131	70.881	0.728	0.227	299	1463	60.751	0.144	1.529	0.654	0.899
442	0.098	23.081	11.595	1.221	0.393	0.318	178.320	0.827	0.405	2886	1474	34.624	0.317	1.237	0.808	0.960
443	0.013	19.035	11.518	0.435	0.152	0.111	87.794	0.881	0.158	2398	1462	72.474	0.111	1.374	0.728	0.938
444	6.917E-4	0.764	11.485	0.094	0.030	0.029	45.002	0.976	0.035	96	1446	116.565	0.032	1.035	0.966	0.846
445	0.067	4.100	11.601	1.110	0.376	0.226	19.964	0.681	0.402	495	1473	9.090	0.247	1.662	0.602	0.881
446	3.144E-4	32.277	11.510	0.067	0.020	0.020	0.000	0.873	0.025	4070	1450	108.435	0.022	1.000	1.000	0.714
447	0.097	25.285	11.727	1.263	0.460	0.268	122.074	0.763	0.486	3178	1451	114.057	0.273	1.720	0.582	0.938
448	1.886E-4	1.500	11.536	0.045	0.019	0.013	135.000	1.000	0.022	188	1454	135.000	0.016	1.464	0.683	0.857
449	0.052	9.394	11.697	0.860	0.271	0.245	62.107	0.883	0.293	1180	1492	71.075	0.252	1.105	0.905	0.951
450	4.401E-4	32.230	11.568	0.072	0.024	0.023	0.000	1.000	0.029	4064	1457	123.690	0.024	1.069	0.936	0.875
451	0.083	7.134	11.782	1.531	0.434	0.243	122.049	0.445	0.468	886	1460	123.959	0.274	1.786	0.560	0.850
452	8.174E-4	1.641	11.665	0.094	0.035	0.030	45.000	1.000	0.040	205	1473	36.870	0.032	1.159	0.863	0.897
453	0.047	24.228	11.821	0.838	0.294	0.205	101.751	0.849	0.313	3052	1472	98.746	0.214	1.432	0.699	0.947
454	0.040	16.469	11.915	0.786	0.283	0.179	64.305	0.809	0.295	2071	1519	66.194	0.199	1.586	0.631	0.930
455	2.515E-4	21.021	11.783	0.045	0.018	0.018	0.000	1.000	0.022	2650	1485	135.000	0.016	1.000	1.000	1.000
456	0.005	5.404	11.849	0.246	0.085	0.069	56.977	0.956	0.092	678	1499	59.036	0.071	1.245	0.803	0.924
457	0.022	5.666	11.931	0.559	0.185	0.148	36.646	0.864	0.203	708	1516	51.340	0.149	1.254	0.797	0.943
458	0.053	19.908	12.120	0.885	0.277	0.243	42.715	0.848	0.294	2499	1543	51.582	0.252	1.137	0.879	0.943
459	8.174E-4	12.216	11.993	0.099	0.042	0.024	14.872	1.000	0.046	1538	1514	30.964	0.024	1.735	0.576	0.929
460	2.515E-4	20.609	11.990	0.045	0.018	0.018	0.000	1.000	0.022	2598	1511	135.000	0.016	1.000	1.000	1.000
461	0.018	5.543	12.091	0.498	0.160	0.140	12.433	0.893	0.170	689	1523	169.216	0.143	1.137	0.880	0.935
462	0.002	20.665	12.046	0.164	0.056	0.047	27.908	0.965	0.064	2603	1522	29.745	0.048	1.177	0.850	0.904
463	2.515E-4	18.403	12.041	0.061	0.022	0.015	90.000	0.857	0.025	2320	1517	108.435	0.016	1.468	0.681	0.800
464	0.067	13.364	12.220	1.001	0.362	0.236	50.525	0.842	0.366	1674	1561	60.101	0.241	1.530	0.653	0.947
465	0.063	18.773	12.221	0.982	0.347	0.230	132.103	0.816	0.360	2352	1523	138.576	0.240	1.512	0.661	0.950
466	0.053	22.101	12.250	0.870	0.283	0.238	128.572	0.880	0.305	2775	1531	128.660	0.250	1.189	0.841	0.951
467	0.096	20.898	12.297	1.237	0.360	0.339	76.493	0.786	0.394	2618	1533	120.174	0.355	1.063	0.940	0.930
468	0.129	23.059	12.363	1.409	0.503	0.327	52.413	0.817	0.512	2887	1587	40.601	0.331	1.539	0.650	0.959
469	0.001	2.536	12.165	0.139	0.059	0.030	48.329	0.897	0.062	317	1537	39.806	0.034	1.956	0.511	0.846
470	0.001	31.459	12.159	0.117	0.042	0.036	45.001	1.000	0.046	3965	1535	30.964	0.039	1.161	0.861	0.884
471	6.288E-4	0.818	12.170	0.088	0.035	0.023	18.222	1.000	0.040	101	1536	36.870	0.024	1.559	0.641	0.909
472	1.886E-4	9.905	12.163	0.045	0.019	0.013	135.000	1.000	0.022	1248	1533	135.000	0.016	1.464	0.683	0.857
473	3.773E-4	3.280	12.193	0.067	0.025	0.019	135.000	1.000	0.029	413	1536	123.690	0.022	1.291	0.775	0.800
474	2.515E-4	0.032	12.204	0.045	0.018	0.018	0.000	1.000	0.022	3	1538	135.000	0.016	1.000	1.000	1.000
475	0.299	32.012	12.494	2.221	0.772	0.493	152.031	0.761	0.837	3989	1554	155.376	0.522	1.567	0.638	0.952
476	0.016	11.906	12.280	0.477	0.164	0.126	172.971	0.895	0.171	1491	1551	13.392	0.130	1.303	0.767	0.931
477	2.515E-4	0.843	12.231	0.061	0.022	0.015	90.000	0.857	0.025	106	1541	108.435	0.016	1.468	0.681	0.800
478	9.432E-4	0.926	12.258	0.110	0.038	0.032	95.884	0.976	0.043	116	1543	111.801	0.032	1.186	0.843	0.882
479	0.076	9.842	12.412	1.057	0.340	0.285	134.562	0.856	0.354	1223	1550	139.538	0.295	1.192	0.839	0.951
480	0.067	2.260	12.424	1.048	0.337	0.255	22.613	0.769	0.370	262	1574	35.395	0.261	1.322	0.756	0.936
481	0.030	1.146	12.370	0.656	0.220	0.172	135.370	0.870	0.233	133	1552	144.689	0.175	1.277	0.783	0.937
482	4.401E-4	0.767	12.287	0.072	0.024	0.023	90.000	1.000	0.029	96	1548	123.690	0.024	1.069	0.936	0.875
483	0.008	28.645	12.383	0.318	0.101	0.095	81.491	0.941	0.108	3611	1568	72.897	0.095	1.063	0.941	0.920
484	0.110	9.108	12.598	1.358	0.531	0.264	129.556	0.751	0.538	1128	1564	127.208	0.272	2.010	0.497	0.945
485	6.917E-4	11.209	12.403	0.088	0.035	0.025	74.929	1.000	0.040	1412	1566	53.130	0.024	1.372	0.729	0.957
486	6.917E-4	0.741	12.435	0.088	0.035	0.025	105.071	1.000	0.040	92	1566	126.870	0.024	1.372	0.729	0.957
487	0.054	13.477	12.566	0.872	0.275	0.249	66.152	0.888	0.286	1688	1599	41.634	0.254	1.102	0.908	0.958
488	0.002	0.092	12.454	0.166	0.070	0.030	130.862	0.743	0.073	8	1567	130.601	0.039	2.342	0.427	0.788
489	0.098	16.270	12.650	1.321	0.422	0.295	96.382	0.703	0.431	2051	1568	102.758	0.323	1.429	0.700	0.885
490	0.123	33.320	12.688	1.413	0.468	0.334	148.301	0.772	0.484	4182	1575	124.992	0.344	1.403	0.713	0.934
491	0.155	34.479	12.750	1.592	0.504	0.392	93.906	0.770	0.571	4344	1574	103.650	0.409	1.286	0.778	0.935
492	0.023	1.067	12.594	0.593	0.192	0.153	1.929	0.825	0.206	122	1582	157.380	0.159	1.260	0.794	0.923
493	2.515E-4	12.588	12.531	0.056	0.022	0.015	0.000	1.000	0.025	1586	1580	161.565	0.016	1.468	0.681	0.800
494	0.023	5.958	12.630	0.579	0.205	0.140	67.797	0.849	0.214	747	1605	68.199	0.145	1.463	0.683	0.933
495	0.064	5.090	12.727	1.122	0.406	0.201	113.733	0.638	0.420	629	1583	112.203	0.248	2.021	0.495	0.835
496	0.055	19.429	12.712	0.916	0.305	0.229	116.537	0.821	0.325	2446	1583	102.680	0.247	1.330	0.752	0.937
497	0.100	11.089	12.747	1.231	0.402	0.318	11.189	0.832	0.434	1377	1626	30.784	0.337	1.264	0.791	0.953
498	4.401E-4	0.763	12.596	0.067	0.024	0.023	90.000	1.000	0.029	95	1587	123.690	0.024	1.069	0.936	0.875
499	0.044	17.484	12.719	0.828	0.254	0.221	92.268	0.810	0.286	2204	1623	85.236	0.233	1.146	0.873	0.930
500	0.018	1.308	12.663	0.496	0.176	0.127	152.909	0.900	0.185	156	1590	149.036	0.134	1.380	0.725	0.941
501	4.401E-4	12.009	12.626	0.072	0.024	0.023	0.000	1.000	0.029	1513	1591	123.690	0.024	1.069	0.936	0.875
502	0.047	19.785	12.749	0.815	0.265	0.225	109.392	0.885	0.281	2488	1592	111.501	0.235	1.181	0.847	0.953
503	6.288E-4	0.805	12.642	0.088	0.031	0.025	90.000	1.000	0.035	101	1592	116.565	0.024	1.236	0.809	0.909
504	0.020	12.272	12.703	0.584	0.231	0.113	160.950	0.754	0.239	1534	1597	158.552	0.122	2.046	0.489	0.925
505	6.917E-4	2.149	12.670	0.090	0.032	0.028	18.435	1.000	0.035	269	1597	153.435	0.032	1.139	0.878	0.815
506	0.072	10.318	12.849	1.042	0.349	0.264	66.984	0.836	0.367	1295	1643	76.264	0.273	1.320	0.757	0.938
507	2.515E-4	27.936	12.687	0.045	0.018	0.018	0.000	1.000	0.022	3522	1599	135.000	0.016	1.000	1.000	1.000
508	0.260	25.379	13.035	2.011	0.610	0.543	139.796	0.809	0.649	3188	1604	118.443	0.578	1.123	0.890	0.953
509	0.070	12.070	12.849	1.002	0.314	0.284	102.363	0.876	0.329	1518	1642	81.674	0.292	1.108	0.902	0.950
510	0.001	3.545	12.722	0.110	0.042	0.031	69.615	1.000	0.046	446	1607	59.036	0.032	1.371	0.729	0.889
511	0.080	3.571	12.886	1.203	0.403	0.252	31.856	0.693	0.433	423	1632	23.749	0.277	1.601	0.625	0.887
512	0.064	11.505	12.878	0.992	0.321	0.252	5.447	0.813	0.334	1430	1633	28.393	0.273	1.276	0.784	0.930
513	6.288E-4	24.800	12.759	0.083	0.035	0.023	116.565	1.000	0.040	3126	1607	126.870	0.024	1.551	0.645	0.909
514	0.371	26.656	13.050	2.481	0.824	0.574	31.625	0.758	0.911	3323	1680	33.275	0.604	1.435	0.697	0.960
515	0.006	27.977	12.789	0.295	0.102	0.081	63.906	0.935	0.108	3525	1619	53.973	0.085	1.255	0.797	0.920
516	8.803E-4	6.851	12.767	0.099	0.038	0.029	45.000	1.000	0.045	862	1612	45.000	0.032	1.319	0.758	0.933
517	0.487	28.272	13.158	3.141	1.222	0.508	31.625	0.621	1.230	3500	1703	32.358	0.566	2.406	0.416	0.903
518	0.197	30.383	12.994	1.936	0.768	0.327	159.060	0.662	0.795	3783	1619	159.578	0.369	2.346	0.426	0.941
519	0.074	14.642	12.971	1.081	0.398	0.238	137.644	0.800	0.416	1830	1616	131.906	0.251	1.667	0.600	0.950
520	0.081	20.811	13.008	1.116	0.381	0.269	116.990	0.814	0.399	2616	1615	110.956	0.284	1.415	0.707	0.946
521	0.107	8.425	12.969	1.342	0.468	0.291	11.102	0.746	0.477	1035	1633	168.503	0.289	1.608	0.622	0.925
522	0.009	18.737	12.893	0.349	0.115	0.097	83.369	0.907	0.125	2361	1634	71.565	0.095	1.183	0.845	0.930
523	0.065	7.074	13.016	0.968	0.305	0.271	23.340	0.872	0.329	871	1640	171.674	0.273	1.126	0.888	0.946
524	5.030E-4	0.146	12.881	0.072	0.028	0.023	45.000	1.000	0.034	17	1626	45.000	0.024	1.229	0.814	0.941
525	0.023	16.390	12.976	0.576	0.199	0.145	176.295	0.857	0.209	2054	1638	8.746	0.159	1.373	0.728	0.930
526	0.050	5.020	13.096	0.922	0.270	0.237	46.615	0.745	0.295	619	1664	53.746	0.257	1.141	0.877	0.901
527	0.002	18.357	12.972	0.139	0.047	0.043	59.036	1.000	0.053	2314	1639	63.435	0.045	1.082	0.925	0.862
528	3.773E-4	19.443	12.969	0.061	0.027	0.018	90.000	1.000	0.029	2451	1634	123.690	0.016	1.500	0.667	1.000
529	0.012	8.119	13.039	0.399	0.135	0.109	63.384	0.919	0.141	1018	1651	51.843	0.113	1.237	0.808	0.932
530	0.181	7.568	13.302	2.264	0.562	0.410	99.259	0.444	0.593	950	1642	105.524	0.457	1.371	0.730	0.840
531	0.005	1.336	13.066	0.254	0.090	0.074	153.250	1.000	0.096	163	1645	155.556	0.078	1.224	0.817	0.922
532	0.018	10.622	13.115	0.531	0.201	0.113	50.275	0.795	0.207	1334	1665	57.529	0.126	1.771	0.565	0.924
533	0.021	16.716	13.131	0.549	0.192	0.139	60.679	0.872	0.201	2104	1667	71.565	0.144	1.389	0.720	0.941
534	6.288E-4	1.159	13.093	0.090	0.032	0.025	45.000	0.982	0.035	144	1652	26.565	0.028	1.241	0.806	0.800
535	0.021	18.372	13.170	0.547	0.178	0.148	148.855	0.871	0.187	2310	1652	126.384	0.159	1.199	0.834	0.922
536	4.401E-4	0.519	13.130	0.072	0.024	0.023	0.000	1.000	0.029	65	1654	123.690	0.024	1.069	0.936	0.875
537	0.003	32.956	13.149	0.198	0.065	0.057	139.342	0.927	0.073	4153	1655	139.399	0.062	1.151	0.869	0.876
538	2.515E-4	12.489	13.155	0.045	0.018	0.018	0.000	1.000	0.022	1574	1658	135.000	0.016	1.000	1.000	1.000
539	0.080	19.747	13.306	1.084	0.370	0.275	32.055	0.853	0.385	2468	1683	14.323	0.271	1.349	0.741	0.947
540	5.030E-4	4.612	13.166	0.072	0.028	0.023	135.000	1.000	0.034	580	1659	135.000	0.024	1.229	0.814	0.941
541	0.049	6.860	13.282	0.829	0.280	0.222	149.435	0.893	0.286	854	1661	131.634	0.227	1.264	0.791	0.956
542	0.047	24.130	13.283	0.840	0.267	0.224	153.072	0.835	0.286	3029	1665	131.634	0.231	1.192	0.839	0.934
543	5.659E-4	3.651	13.188	0.083	0.031	0.023	69.699	1.000	0.035	459	1665	63.435	0.024	1.340	0.746	0.857
544	0.034	17.103	13.306	0.708	0.229	0.191	158.592	0.861	0.255	2142	1673	154.231	0.198	1.197	0.836	0.939
545	0.065	14.505	13.372	0.991	0.331	0.249	58.126	0.829	0.341	1818	1703	59.265	0.250	1.329	0.753	0.942
546	0.045	3.651	13.328	0.881	0.339	0.170	15.132	0.734	0.346	440	1690	15.945	0.176	1.990	0.502	0.927
547	0.003	4.498	13.262	0.205	0.067	0.059	68.250	0.944	0.075	566	1677	71.565	0.063	1.138	0.879	0.877
548	0.001	5.275	13.243	0.110	0.040	0.032	27.990	1.000	0.046	663	1672	30.964	0.032	1.234	0.810	0.889
549	0.004	10.469	13.269	0.236	0.075	0.065	64.896	0.863	0.086	1315	1676	33.690	0.071	1.142	0.875	0.871
550	4.401E-4	11.835	13.244	0.072	0.024	0.023	0.000	1.000	0.029	1491	1669	123.690	0.024	1.069	0.936	0.875
551	0.083	15.436	13.426	1.163	0.370	0.286	129.776	0.773	0.403	1933	1676	126.193	0.308	1.296	0.772	0.939
552	0.023	1.106	13.340	0.572	0.182	0.162	136.125	0.890	0.192	133	1673	128.290	0.170	1.126	0.888	0.943
553	2.515E-4	18.214	13.258	0.045	0.018	0.018	0.000	1.000	0.022	2296	1671	135.000	0.016	1.000	1.000	1.000
554	0.073	15.064	13.473	1.254	0.462	0.202	99.975	0.586	0.468	1897	1672	100.739	0.242	2.288	0.437	0.836
555	9.432E-4	10.340	13.283	0.110	0.041	0.029	121.853	0.976	0.046	1302	1673	120.964	0.032	1.392	0.718	0.882
556	0.014	6.635	13.353	0.434	0.151	0.114	132.210	0.905	0.157	831	1676	130.914	0.118	1.327	0.754	0.921
557	0.228	32.053	13.571	1.876	0.644	0.452	33.565	0.816	0.641	4004	1727	21.801	0.463	1.424	0.702	0.942
558	4.401E-4	0.440	13.304	0.072	0.024	0.023	0.000	1.000	0.029	55	1676	123.690	0.024	1.069	0.936	0.875
559	0.085	5.744	13.474	1.161	0.363	0.297	52.751	0.790	0.414	713	1720	57.529	0.314	1.225	0.816	0.929
560	0.075	13.913	13.434	1.077	0.375	0.253	166.462	0.808	0.381	1732	1683	159.305	0.266	1.482	0.675	0.939
561	0.035	11.174	13.433	0.747	0.287	0.157	55.165	0.798	0.288	1402	1710	58.496	0.162	1.822	0.549	0.938
562	0.018	3.982	13.408	0.528	0.183	0.124	53.281	0.806	0.203	492	1699	51.340	0.138	1.468	0.681	0.931
563	0.053	21.870	13.469	0.918	0.332	0.202	139.681	0.786	0.332	2741	1685	146.689	0.219	1.648	0.607	0.924
564	2.515E-4	4.512	13.345	0.045	0.018	0.018	0.000	1.000	0.022	568	1682	135.000	0.016	1.000	1.000	1.000
565	0.002	8.220	13.367	0.149	0.056	0.041	80.031	1.000	0.060	1035	1689	66.801	0.040	1.373	0.728	0.921
566	0.048	10.463	13.437	0.890	0.327	0.188	10.621	0.764	0.339	1298	1696	10.784	0.200	1.744	0.574	0.928
567	4.401E-4	14.245	13.352	0.072	0.024	0.023	0.000	1.000	0.029	1796	1682	123.690	0.024	1.069	0.936	0.875
568	0.023	17.995	13.419	0.617	0.244	0.118	157.186	0.745	0.253	2255	1686	159.864	0.133	2.072	0.483	0.916
569	1.886E-4	12.506	13.368	0.045	0.019	0.013	135.000	1.000	0.022	1576	1685	135.000	0.016	1.464	0.683	0.857
570	0.224	34.454	13.641	1.885	0.599	0.475	162.690	0.792	0.670	4299	1714	163.496	0.492	1.260	0.793	0.945
571	6.288E-5	4.556	13.381	0.022	0.009	0.009	0.000	1.000	0.011	574	1687	135.000	0.008	1.000	1.000	1.000
572	0.055	5.389	13.501	0.883	0.296	0.237	2.586	0.889	0.314	660	1701	169.824	0.245	1.250	0.800	0.950
573	2.515E-4	0.468	13.401	0.045	0.018	0.018	0.000	1.000	0.022	58	1689	135.000	0.016	1.000	1.000	1.000
574	0.077	4.433	13.563	1.091	0.316	0.309	94.880	0.811	0.349	542	1723	50.528	0.313	1.023	0.978	0.940
575	6.288E-5	4.627	13.397	0.022	0.009	0.009	0.000	1.000	0.011	583	1689	135.000	0.008	1.000	1.000	1.000
576	0.014	21.150	13.460	0.444	0.158	0.117	4.868	0.924	0.163	2657	1700	14.036	0.119	1.355	0.738	0.935
577	0.092	12.780	13.643	1.258	0.409	0.287	106.618	0.732	0.432	1606	1694	110.433	0.300	1.423	0.703	0.922
578	0.013	22.875	13.491	0.450	0.174	0.097	152.115	0.819	0.184	2875	1697	154.537	0.107	1.798	0.556	0.915
579	0.068	1.420	13.638	1.163	0.421	0.207	97.002	0.635	0.422	181	1747	84.611	0.234	2.038	0.491	0.868
580	0.076	9.984	13.601	1.067	0.350	0.275	28.382	0.834	0.371	1236	1722	19.983	0.277	1.273	0.786	0.948
581	0.001	7.038	13.477	0.117	0.043	0.034	51.526	1.000	0.046	885	1701	30.964	0.039	1.257	0.795	0.857
582	0.086	33.169	13.644	1.151	0.414	0.263	138.483	0.812	0.424	4167	1699	128.157	0.269	1.573	0.636	0.942
583	0.005	21.025	13.518	0.270	0.095	0.070	154.172	0.900	0.102	2647	1701	141.340	0.078	1.345	0.744	0.902
584	0.020	17.588	13.592	0.622	0.231	0.111	80.224	0.658	0.237	2217	1730	76.430	0.127	2.075	0.482	0.861
585	5.030E-4	0.235	13.517	0.072	0.028	0.023	45.000	1.000	0.034	28	1706	45.000	0.024	1.229	0.814	0.941
586	2.515E-4	7.422	13.512	0.045	0.018	0.018	0.000	1.000	0.022	935	1703	135.000	0.016	1.000	1.000	1.000
587	1.258E-4	17.033	13.508	0.034	0.018	0.009	0.000	1.000	0.018	2147	1703	153.435	0.008	2.000	0.500	1.000
588	0.042	10.890	13.640	0.779	0.266	0.201	47.880	0.869	0.273	1360	1730	35.538	0.207	1.328	0.753	0.946
589	0.002	8.490	13.543	0.164	0.056	0.050	166.356	1.000	0.062	1068	1705	129.806	0.048	1.129	0.885	0.921
590	5.659E-4	9.638	13.540	0.077	0.027	0.027	0.000	1.000	0.034	1214	1706	135.000	0.024	1.000	1.000	1.000
591	0.061	20.888	13.679	0.954	0.299	0.261	173.701	0.848	0.321	2615	1730	8.531	0.273	1.145	0.873	0.938
592	0.003	6.993	13.572	0.182	0.057	0.056	123.379	0.953	0.065	878	1713	14.036	0.056	1.016	0.984	0.870
593	0.048	6.778	13.708	0.854	0.271	0.228	93.612	0.835	0.287	852	1711	104.421	0.237	1.189	0.841	0.927
594	0.039	4.747	13.665	0.834	0.318	0.156	13.875	0.705	0.316	580	1729	17.526	0.181	2.034	0.492	0.892
595	0.045	6.212	13.703	0.840	0.253	0.227	165.949	0.804	0.271	769	1720	159.444	0.238	1.116	0.896	0.909
596	1.886E-4	8.875	13.582	0.045	0.019	0.013	135.000	1.000	0.022	1118	1712	135.000	0.016	1.464	0.683	0.857
597	0.015	22.952	13.674	0.488	0.181	0.108	98.546	0.805	0.193	2893	1712	99.462	0.119	1.681	0.595	0.908
598	0.007	22.729	13.633	0.324	0.121	0.079	39.778	0.895	0.125	2860	1724	34.695	0.084	1.544	0.647	0.919
599	0.026	17.935	13.717	0.624	0.204	0.164	105.528	0.849	0.219	2261	1744	77.471	0.174	1.241	0.806	0.924
600	4.401E-4	1.235	13.651	0.072	0.024	0.023	90.000	1.000	0.029	155	1720	123.690	0.024	1.069	0.936	0.875
601	0.064	9.582	13.797	0.962	0.316	0.258	74.536	0.869	0.337	1202	1761	74.982	0.270	1.222	0.818	0.955
602	0.021	17.386	13.715	0.561	0.210	0.127	0.556	0.836	0.215	2179	1730	6.340	0.127	1.648	0.607	0.935
603	0.002	14.221	13.694	0.164	0.053	0.049	23.190	0.965	0.062	1791	1730	50.194	0.048	1.083	0.924	0.892
604	2.515E-4	15.003	13.679	0.045	0.018	0.018	0.000	1.000	0.022	1891	1724	135.000	0.016	1.000	1.000	1.000
605	0.035	5.183	13.812	0.724	0.252	0.178	78.644	0.842	0.252	649	1727	102.724	0.177	1.417	0.706	0.935
606	0.107	6.465	13.945	1.477	0.471	0.288	47.337	0.613	0.477	794	1778	54.462	0.303	1.635	0.611	0.870
607	3.773E-4	22.845	13.714	0.061	0.027	0.018	90.000	1.000	0.029	2880	1728	123.690	0.016	1.500	0.667	1.000
608	8.174E-4	5.788	13.735	0.094	0.035	0.030	45.000	1.000	0.040	728	1734	36.870	0.032	1.159	0.863	0.897
609	0.042	11.533	13.844	0.780	0.236	0.226	104.351	0.868	0.253	1444	1734	131.186	0.228	1.044	0.957	0.936
610	0.001	1.314	13.757	0.139	0.053	0.027	141.837	0.734	0.057	164	1732	123.690	0.035	1.926	0.519	0.720
611	8.803E-4	8.937	13.748	0.099	0.034	0.033	2.771E-13	1.000	0.040	1125	1732	126.870	0.032	1.020	0.981	0.933
612	0.005	11.787	13.768	0.250	0.094	0.062	178.182	0.921	0.096	1481	1734	155.556	0.063	1.499	0.667	0.918
613	0.057	14.936	13.890	0.918	0.332	0.219	78.879	0.852	0.337	1878	1773	74.982	0.222	1.518	0.659	0.955
614	5.030E-4	0.275	13.753	0.072	0.028	0.023	135.000	1.000	0.034	33	1733	135.000	0.024	1.229	0.814	0.941
615	0.032	2.795	13.838	0.683	0.217	0.186	37.963	0.858	0.233	345	1758	54.689	0.191	1.167	0.857	0.940
616	0.025	5.788	13.874	0.599	0.202	0.156	98.930	0.866	0.214	725	1736	111.801	0.159	1.291	0.775	0.928
617	0.039	3.753	13.924	0.755	0.243	0.204	85.311	0.859	0.264	470	1771	74.291	0.214	1.187	0.843	0.934
618	0.002	0.195	13.815	0.153	0.065	0.029	169.773	0.809	0.068	21	1740	159.444	0.032	2.223	0.450	0.873
619	0.064	1.180	14.012	1.082	0.414	0.197	116.165	0.688	0.412	141	1743	112.620	0.219	2.096	0.477	0.904
620	8.174E-4	8.390	13.836	0.094	0.035	0.030	45.000	1.000	0.040	1056	1746	36.870	0.032	1.159	0.863	0.897
621	6.917E-4	0.891	13.868	0.088	0.035	0.025	74.929	1.000	0.040	111	1751	53.130	0.024	1.372	0.729	0.957
622	1.886E-4	10.585	13.862	0.045	0.019	0.013	135.000	1.000	0.022	1334	1747	135.000	0.016	1.464	0.683	0.857
623	0.069	7.946	14.018	1.094	0.307	0.287	169.851	0.726	0.367	978	1760	166.264	0.289	1.072	0.933	0.905
624	3.773E-4	35.370	13.901	0.061	0.027	0.018	0.000	1.000	0.029	4459	1752	146.310	0.016	1.500	0.667	1.000
625	2.515E-4	7.549	13.916	0.045	0.018	0.018	0.000	1.000	0.022	951	1754	135.000	0.016	1.000	1.000	1.000
626	0.060	13.731	14.083	0.962	0.318	0.239	71.985	0.813	0.330	1721	1793	65.898	0.247	1.330	0.752	0.944
627	0.059	8.983	14.037	0.946	0.304	0.248	150.538	0.831	0.339	1114	1759	142.595	0.252	1.228	0.814	0.937
628	0.076	19.876	14.065	1.073	0.375	0.258	2.684	0.830	0.383	2483	1778	13.173	0.273	1.452	0.689	0.947
629	0.043	5.624	14.077	0.807	0.249	0.222	10.532	0.839	0.278	695	1785	19.983	0.230	1.122	0.891	0.931
630	0.122	24.083	14.149	1.443	0.497	0.313	30.971	0.738	0.519	3013	1807	38.797	0.330	1.587	0.630	0.918
631	2.515E-4	9.666	13.980	0.045	0.018	0.018	0.000	1.000	0.022	1218	1762	135.000	0.016	1.000	1.000	1.000
632	0.010	25.947	14.036	0.362	0.120	0.105	54.319	0.951	0.128	3268	1777	68.199	0.111	1.142	0.876	0.929
633	2.515E-4	7.390	13.996	0.045	0.018	0.018	0.000	1.000	0.022	931	1764	135.000	0.016	1.000	1.000	1.000
634	0.029	2.468	14.095	0.702	0.273	0.135	40.844	0.737	0.287	298	1789	39.401	0.146	2.025	0.494	0.935
635	0.111	4.334	14.159	1.506	0.482	0.293	164.504	0.614	0.511	510	1781	172.875	0.337	1.645	0.608	0.849
636	0.121	0.896	14.246	1.762	0.452	0.340	129.526	0.489	0.589	80	1769	132.274	0.406	1.330	0.752	0.781
637	0.001	8.458	14.023	0.126	0.044	0.040	45.000	1.000	0.051	1064	1770	38.660	0.040	1.101	0.908	0.936
638	0.096	10.035	14.170	1.207	0.428	0.286	152.961	0.827	0.424	1240	1779	162.582	0.285	1.496	0.668	0.950
639	0.050	11.764	14.131	0.895	0.281	0.227	99.431	0.788	0.304	1471	1769	123.275	0.248	1.239	0.807	0.922
640	0.052	15.384	14.176	0.886	0.287	0.230	127.729	0.830	0.322	1930	1770	127.999	0.247	1.245	0.803	0.946
641	0.080	16.782	14.198	1.110	0.365	0.280	41.834	0.818	0.377	2108	1814	67.751	0.292	1.303	0.767	0.932
642	0.061	2.628	14.248	1.333	0.326	0.239	27.888	0.432	0.387	313	1815	61.858	0.308	1.362	0.734	0.754
643	0.002	5.361	14.096	0.160	0.058	0.045	55.930	1.000	0.064	674	1781	60.255	0.048	1.281	0.781	0.904
644	0.127	25.353	14.320	1.598	0.528	0.306	124.255	0.625	0.551	3174	1779	130.333	0.333	1.726	0.580	0.888
645	0.570	26.481	14.583	3.146	1.003	0.724	158.447	0.724	1.006	3286	1814	159.708	0.770	1.385	0.722	0.928
646	0.242	30.447	14.397	1.982	0.655	0.471	137.050	0.775	0.683	3799	1799	149.265	0.509	1.392	0.718	0.950
647	0.084	7.023	14.308	1.137	0.407	0.263	130.188	0.817	0.405	877	1780	113.051	0.267	1.547	0.646	0.947
648	0.052	21.880	14.292	0.955	0.282	0.234	125.389	0.713	0.313	2743	1790	149.534	0.235	1.209	0.827	0.897
649	0.068	20.895	14.312	1.013	0.321	0.268	15.850	0.829	0.352	2615	1807	14.349	0.280	1.196	0.836	0.939
650	0.149	23.082	14.379	1.559	0.537	0.352	143.859	0.768	0.559	2885	1787	128.660	0.382	1.523	0.656	0.930
651	0.075	14.031	14.330	1.083	0.326	0.295	59.661	0.808	0.359	1759	1830	54.904	0.308	1.105	0.905	0.928
652	0.103	8.254	14.384	1.295	0.462	0.284	144.243	0.772	0.477	1017	1794	144.462	0.297	1.626	0.615	0.931
653	0.012	18.411	14.269	0.405	0.134	0.113	99.848	0.909	0.141	2319	1791	106.390	0.119	1.192	0.839	0.924
654	0.526	28.443	14.502	3.009	1.146	0.584	2.602	0.730	1.134	3518	1815	170.340	0.572	1.963	0.509	0.967
655	0.126	32.012	14.419	1.345	0.477	0.335	48.765	0.873	0.487	4018	1844	52.943	0.336	1.422	0.703	0.969
656	0.002	0.484	14.267	0.149	0.051	0.043	160.340	0.967	0.057	58	1797	146.310	0.048	1.180	0.847	0.871
657	0.041	18.027	14.398	0.793	0.272	0.190	26.003	0.811	0.271	2257	1823	15.255	0.193	1.432	0.698	0.935
658	1.258E-4	0.630	14.313	0.038	0.018	0.009	90.000	1.000	0.018	79	1804	116.565	0.008	2.000	0.500	1.000
659	0.117	32.969	14.502	1.326	0.404	0.368	160.599	0.835	0.431	4135	1815	143.973	0.373	1.097	0.911	0.942
660	0.021	4.602	14.421	0.563	0.202	0.133	40.642	0.835	0.209	569	1825	37.304	0.142	1.522	0.657	0.934
661	4.401E-4	2.232	14.359	0.072	0.024	0.023	0.000	1.000	0.029	281	1809	123.690	0.024	1.069	0.936	0.875
662	0.103	34.472	14.552	1.232	0.432	0.304	131.673	0.853	0.433	4325	1820	145.437	0.313	1.421	0.704	0.953
663	0.041	4.375	14.522	0.811	0.279	0.186	110.499	0.778	0.298	546	1813	106.991	0.202	1.501	0.666	0.920
664	0.023	0.525	14.480	0.572	0.182	0.158	151.711	0.871	0.201	55	1823	161.565	0.163	1.152	0.868	0.923
665	0.099	11.947	14.572	1.207	0.423	0.298	140.127	0.855	0.440	1485	1821	146.023	0.307	1.418	0.705	0.963
666	0.018	3.149	14.474	0.534	0.202	0.115	3.018	0.806	0.204	384	1828	13.496	0.126	1.748	0.572	0.917
667	0.021	2.288	14.521	0.547	0.170	0.158	58.266	0.887	0.181	283	1841	74.745	0.167	1.080	0.926	0.939
668	0.078	10.940	14.591	1.081	0.373	0.268	30.989	0.843	0.390	1357	1853	23.962	0.286	1.393	0.718	0.953
669	0.006	22.086	14.481	0.295	0.100	0.076	80.520	0.862	0.108	2784	1833	72.897	0.079	1.326	0.754	0.896
670	8.174E-4	19.950	14.479	0.094	0.035	0.030	135.000	1.000	0.040	2514	1824	126.870	0.032	1.159	0.863	0.897
671	0.096	5.561	14.641	1.350	0.437	0.280	26.121	0.663	0.449	679	1863	35.655	0.293	1.563	0.640	0.913
672	5.030E-4	24.040	14.490	0.072	0.028	0.023	135.000	1.000	0.034	3030	1826	135.000	0.024	1.229	0.814	0.941
673	1.886E-4	5.132	14.510	0.045	0.019	0.013	135.000	1.000	0.022	646	1829	135.000	0.016	1.464	0.683	0.857
674	0.049	9.593	14.640	0.901	0.326	0.190	125.352	0.753	0.341	1194	1830	125.538	0.213	1.710	0.585	0.917
675	0.027	18.518	14.636	0.644	0.239	0.145	95.956	0.824	0.247	2334	1830	95.528	0.151	1.642	0.609	0.933
676	0.086	19.764	14.724	1.192	0.445	0.247	47.961	0.764	0.472	2472	1877	47.726	0.261	1.803	0.555	0.937
677	0.048	7.882	14.680	0.850	0.274	0.221	39.103	0.827	0.298	981	1867	39.611	0.231	1.240	0.806	0.934
678	0.047	9.123	14.736	0.850	0.310	0.193	80.551	0.818	0.314	1147	1877	79.824	0.198	1.607	0.622	0.941
679	0.087	7.450	14.819	1.132	0.391	0.283	80.228	0.851	0.397	931	1892	63.947	0.291	1.382	0.724	0.952
680	0.007	20.531	14.687	0.306	0.116	0.074	20.428	0.910	0.124	2582	1855	26.565	0.079	1.561	0.641	0.923
681	0.139	4.838	14.911	2.005	0.557	0.317	179.761	0.434	0.602	572	1892	16.049	0.385	1.756	0.569	0.808
682	1.886E-4	3.189	14.700	0.045	0.019	0.013	135.000	1.000	0.022	401	1853	135.000	0.016	1.464	0.683	0.857
683	3.144E-4	1.718	14.709	0.061	0.025	0.016	161.565	1.000	0.029	215	1854	146.310	0.016	1.553	0.644	0.909
684	9.432E-4	4.904	14.715	0.106	0.042	0.029	27.549	1.000	0.046	616	1857	30.964	0.032	1.435	0.697	0.882
685	8.174E-4	0.015	14.725	0.099	0.039	0.027	50.735	1.000	0.045	0	1859	45.000	0.032	1.450	0.690	0.897
686	3.773E-4	23.361	14.785	0.061	0.027	0.018	90.000	1.000	0.029	2945	1863	123.690	0.016	1.500	0.667	1.000
687	0.100	24.016	15.047	1.289	0.441	0.289	76.547	0.758	0.472	3016	1924	70.346	0.311	1.526	0.655	0.929
688	0.118	21.938	15.026	1.431	0.422	0.356	145.891	0.724	0.464	2738	1889	172.147	0.353	1.183	0.845	0.898
689	2.515E-4	11.597	14.842	0.056	0.022	0.015	0.000	1.000	0.025	1461	1871	161.565	0.016	1.468	0.681	0.800
690	0.002	0.537	14.870	0.153	0.057	0.041	88.129	0.977	0.060	66	1872	113.199	0.040	1.399	0.715	0.921
691	0.024	0.984	14.948	0.615	0.214	0.141	102.387	0.789	0.226	125	1900	79.875	0.149	1.520	0.658	0.921
692	0.099	7.887	15.098	1.689	0.507	0.248	84.303	0.434	0.528	983	1938	82.235	0.313	2.048	0.488	0.750
693	0.077	17.114	15.025	1.081	0.315	0.311	40.977	0.826	0.355	2141	1908	23.703	0.312	1.012	0.989	0.926
694	5.030E-4	25.560	14.865	0.072	0.028	0.023	135.000	1.000	0.034	3222	1873	135.000	0.024	1.229	0.814	0.941
695	0.068	20.979	15.006	1.053	0.347	0.249	8.883	0.770	0.364	2622	1900	20.410	0.268	1.395	0.717	0.916
696	5.659E-4	28.167	14.919	0.083	0.031	0.023	20.301	1.000	0.035	3550	1882	26.565	0.024	1.340	0.746	0.857
697	0.007	25.323	14.976	0.306	0.108	0.086	67.413	0.977	0.114	3190	1895	56.310	0.087	1.253	0.798	0.935
698	0.018	0.774	15.024	0.500	0.163	0.139	146.987	0.893	0.176	89	1889	144.162	0.143	1.177	0.850	0.946
699	0.098	23.111	15.133	1.252	0.429	0.292	11.615	0.788	0.456	2885	1919	13.069	0.317	1.471	0.680	0.946
700	0.082	5.459	15.105	1.127	0.355	0.294	150.129	0.810	0.366	672	1889	139.399	0.317	1.208	0.828	0.924
701	0.073	15.437	15.136	1.072	0.378	0.247	108.509	0.802	0.390	1938	1886	102.907	0.256	1.529	0.654	0.939
702	8.803E-4	4.466	14.979	0.099	0.034	0.033	90.000	1.000	0.040	562	1887	126.870	0.032	1.020	0.981	0.933
703	0.109	18.346	15.199	1.258	0.410	0.339	117.630	0.866	0.416	2297	1897	130.365	0.351	1.211	0.826	0.960
704	3.773E-4	28.626	14.999	0.061	0.027	0.018	90.000	1.000	0.029	3609	1890	123.690	0.016	1.500	0.667	1.000
705	3.773E-4	1.820	15.003	0.061	0.027	0.018	0.000	1.000	0.029	228	1891	146.310	0.016	1.500	0.667	1.000
706	6.917E-4	6.490	15.036	0.088	0.035	0.025	105.071	1.000	0.040	817	1894	126.870	0.024	1.372	0.729	0.957
707	0.090	12.743	15.167	1.159	0.400	0.288	16.247	0.846	0.405	1585	1925	30.579	0.302	1.389	0.720	0.952
708	0.002	12.007	15.058	0.144	0.051	0.040	56.965	0.993	0.057	1512	1902	56.310	0.045	1.271	0.787	0.867
709	8.174E-4	11.434	15.059	0.094	0.035	0.030	45.000	1.000	0.040	1440	1901	36.870	0.032	1.159	0.863	0.897
710	8.174E-4	3.808	15.083	0.099	0.034	0.031	30.964	1.000	0.040	478	1901	143.130	0.032	1.093	0.915	0.897
711	0.012	3.291	15.131	0.415	0.137	0.111	26.226	0.878	0.146	409	1914	40.601	0.118	1.232	0.812	0.925
712	0.101	33.054	15.295	1.264	0.392	0.329	51.419	0.797	0.442	4161	1955	75.466	0.317	1.193	0.838	0.926
713	0.044	3.074	15.195	0.825	0.280	0.199	25.360	0.809	0.284	377	1931	54.090	0.197	1.408	0.710	0.940
714	2.515E-4	10.388	15.090	0.045	0.018	0.018	0.000	1.000	0.022	1309	1902	135.000	0.016	1.000	1.000	1.000
715	0.037	6.333	15.227	0.750	0.231	0.206	13.958	0.835	0.246	785	1927	14.931	0.214	1.117	0.895	0.930
716	0.159	31.840	15.367	1.547	0.518	0.391	99.052	0.835	0.523	4008	1970	80.395	0.385	1.325	0.755	0.957
717	0.047	1.101	15.262	0.856	0.276	0.218	118.900	0.810	0.286	132	1907	109.440	0.238	1.266	0.790	0.909
718	4.401E-4	0.799	15.157	0.072	0.024	0.023	90.000	1.000	0.029	100	1910	123.690	0.024	1.069	0.936	0.875
719	0.068	3.382	15.329	1.086	0.383	0.227	57.041	0.729	0.390	411	1954	52.431	0.252	1.687	0.593	0.903
720	0.001	0.250	15.193	0.106	0.039	0.033	0.000	1.000	0.043	29	1915	158.199	0.032	1.209	0.827	0.889
721	6.288E-5	0.956	15.197	0.022	0.009	0.009	0.000	1.000	0.011	120	1916	135.000	0.008	1.000	1.000	1.000
722	0.101	4.786	15.385	1.420	0.478	0.269	24.934	0.629	0.502	573	1953	21.297	0.285	1.776	0.563	0.892
723	4.401E-4	25.061	15.215	0.072	0.024	0.023	0.000	1.000	0.029	3160	1917	123.690	0.024	1.069	0.936	0.875
724	0.064	5.829	15.378	0.970	0.320	0.255	66.429	0.853	0.329	734	1918	98.326	0.256	1.257	0.796	0.948
725	1.886E-4	11.856	15.239	0.045	0.019	0.013	135.000	1.000	0.022	1494	1921	135.000	0.016	1.464	0.683	0.857
726	0.014	4.236	15.315	0.461	0.170	0.107	48.235	0.846	0.178	528	1941	57.724	0.112	1.591	0.629	0.927
727	0.034	25.307	15.364	0.694	0.222	0.195	102.282	0.890	0.231	3188	1923	95.906	0.198	1.141	0.877	0.947
728	3.144E-4	0.259	15.264	0.061	0.025	0.016	161.565	1.000	0.029	31	1924	146.310	0.016	1.553	0.644	0.909
729	0.005	22.674	15.300	0.257	0.093	0.067	68.756	0.935	0.099	2856	1935	61.390	0.071	1.393	0.718	0.923
730	0.062	14.653	15.427	0.953	0.312	0.251	79.496	0.853	0.336	1840	1967	81.870	0.262	1.243	0.805	0.949
731	0.161	30.219	15.489	1.583	0.547	0.374	21.433	0.806	0.566	3777	1962	11.310	0.395	1.460	0.685	0.942
732	0.075	7.547	15.462	1.178	0.427	0.224	45.688	0.680	0.445	935	1971	50.064	0.263	1.908	0.524	0.895
733	0.056	19.827	15.405	0.924	0.341	0.210	149.165	0.830	0.342	2484	1928	132.184	0.213	1.625	0.615	0.952
734	0.061	34.223	15.470	0.962	0.324	0.240	127.948	0.831	0.337	4306	1931	131.186	0.248	1.350	0.741	0.947
735	0.106	11.114	15.545	1.574	0.552	0.245	148.887	0.537	0.547	1372	1943	141.470	0.280	2.256	0.443	0.806
736	0.156	3.081	15.619	1.900	0.598	0.332	123.297	0.543	0.611	364	1939	136.577	0.379	1.799	0.556	0.854
737	0.050	8.367	15.496	0.845	0.297	0.212	83.587	0.872	0.304	1050	1973	74.876	0.221	1.400	0.714	0.953
738	0.174	1.893	15.632	2.252	0.842	0.263	36.643	0.431	0.861	197	2008	36.764	0.325	3.203	0.312	0.787
739	0.001	0.911	15.420	0.128	0.048	0.030	43.404	0.868	0.053	112	1946	26.565	0.037	1.587	0.630	0.783
740	0.001	29.544	15.435	0.131	0.044	0.040	67.643	1.000	0.051	3724	1944	128.660	0.040	1.083	0.923	0.936
741	6.288E-5	9.638	15.451	0.022	0.009	0.009	0.000	1.000	0.011	1215	1948	135.000	0.008	1.000	1.000	1.000
742	0.095	4.298	15.656	1.235	0.454	0.266	46.073	0.781	0.455	522	1997	35.074	0.268	1.709	0.585	0.948
743	0.007	23.060	15.517	0.306	0.112	0.077	105.766	0.910	0.121	2905	1950	113.199	0.079	1.448	0.691	0.919
744	4.401E-4	0.131	15.509	0.072	0.024	0.023	0.000	1.000	0.029	16	1954	123.690	0.024	1.069	0.936	0.875
745	6.917E-4	0.498	15.510	0.090	0.032	0.028	71.565	1.000	0.035	62	1954	116.565	0.032	1.139	0.878	0.815
746	3.773E-4	24.050	15.514	0.061	0.027	0.018	90.000	1.000	0.029	3032	1955	123.690	0.016	1.500	0.667	1.000
747	0.001	1.685	15.540	0.120	0.049	0.026	90.000	0.885	0.050	211	1957	108.435	0.024	1.873	0.534	0.941
748	5.659E-4	23.333	15.530	0.077	0.027	0.027	0.000	1.000	0.034	2941	1957	135.000	0.024	1.000	1.000	1.000
749	0.025	0.911	15.611	0.628	0.196	0.163	179.896	0.796	0.211	104	1961	160.201	0.181	1.205	0.830	0.908
750	2.515E-4	18.975	15.542	0.045	0.018	0.018	0.000	1.000	0.022	2392	1959	135.000	0.016	1.000	1.000	1.000
751	0.057	20.987	15.672	0.937	0.327	0.223	159.316	0.820	0.341	2630	1963	149.265	0.237	1.463	0.684	0.930
752	6.288E-4	0.230	15.605	0.090	0.032	0.025	71.565	0.982	0.035	28	1966	116.565	0.028	1.316	0.760	0.769
753	0.021	18.761	15.681	0.577	0.200	0.136	72.652	0.809	0.211	2364	1991	70.201	0.145	1.472	0.679	0.923
754	0.019	1.143	15.689	0.511	0.160	0.153	12.197	0.929	0.171	134	1983	13.392	0.157	1.048	0.955	0.936
755	0.151	2.666	16.018	2.258	0.698	0.276	114.311	0.373	0.741	328	1969	105.524	0.362	2.527	0.396	0.742
756	0.060	6.155	15.773	0.981	0.353	0.218	70.539	0.790	0.359	765	2008	59.470	0.218	1.617	0.619	0.944
757	0.012	24.130	15.681	0.423	0.148	0.106	171.517	0.870	0.156	3034	1975	165.256	0.114	1.396	0.716	0.908
758	3.773E-4	0.052	15.653	0.061	0.027	0.018	0.000	1.000	0.029	5	1973	146.310	0.016	1.500	0.667	1.000
759	6.288E-5	0.773	15.657	0.022	0.009	0.009	0.000	1.000	0.011	97	1974	135.000	0.008	1.000	1.000	1.000
760	0.017	2.820	15.737	0.502	0.182	0.116	32.290	0.826	0.181	345	1989	23.199	0.121	1.573	0.636	0.910
761	9.432E-4	4.638	15.676	0.104	0.037	0.033	45.001	1.000	0.045	583	1979	45.000	0.032	1.137	0.880	0.968
762	0.087	22.020	15.834	1.181	0.382	0.290	132.853	0.785	0.404	2768	1975	109.502	0.312	1.315	0.760	0.936
763	0.094	5.650	15.882	1.202	0.399	0.300	96.617	0.817	0.412	700	2026	74.358	0.298	1.330	0.752	0.949
764	0.001	1.010	15.709	0.110	0.041	0.033	15.172	1.000	0.046	125	1983	30.964	0.032	1.263	0.792	0.919
765	2.515E-4	0.349	15.720	0.061	0.026	0.013	121.717	0.857	0.029	43	1981	123.690	0.016	2.031	0.492	0.800
766	0.048	18.365	15.841	0.845	0.274	0.223	111.562	0.843	0.302	2308	1982	113.199	0.230	1.231	0.812	0.951
767	0.002	27.134	15.754	0.164	0.056	0.050	103.644	1.000	0.062	3419	1984	129.806	0.048	1.129	0.885	0.921
768	4.401E-4	32.399	15.736	0.072	0.024	0.023	90.000	1.000	0.029	4085	1983	123.690	0.024	1.069	0.936	0.875
769	0.359	28.277	16.062	2.422	0.758	0.603	179.048	0.768	0.795	3523	2054	28.610	0.611	1.257	0.795	0.940
770	0.001	25.387	15.760	0.121	0.042	0.036	116.565	1.000	0.046	3200	1985	120.964	0.039	1.179	0.848	0.864
771	0.079	10.837	15.930	1.081	0.335	0.299	58.708	0.847	0.366	1359	2030	72.350	0.314	1.120	0.893	0.937
772	0.101	9.347	15.943	1.403	0.417	0.308	176.975	0.644	0.441	1152	2013	171.724	0.340	1.354	0.739	0.912
773	0.067	7.544	15.965	1.027	0.380	0.225	63.493	0.801	0.389	947	2037	69.717	0.231	1.685	0.594	0.955
774	1.258E-4	0.833	15.804	0.045	0.021	0.008	45.000	0.785	0.022	104	1994	45.000	0.011	2.646	0.378	0.667
775	2.515E-4	23.987	15.812	0.045	0.018	0.018	0.000	1.000	0.022	3024	1993	135.000	0.016	1.000	1.000	1.000
776	0.354	26.399	16.148	2.314	0.773	0.582	148.754	0.830	0.783	3294	2004	140.343	0.581	1.327	0.754	0.960
777	0.061	23.203	15.986	1.029	0.341	0.227	126.036	0.722	0.374	2914	1998	126.384	0.247	1.501	0.666	0.901
778	2.515E-4	7.351	15.851	0.045	0.018	0.018	0.000	1.000	0.022	926	1998	135.000	0.016	1.000	1.000	1.000
779	0.073	8.108	16.003	1.098	0.373	0.249	101.078	0.760	0.399	1008	1998	110.956	0.266	1.498	0.667	0.943
780	2.515E-4	31.417	15.859	0.045	0.018	0.018	0.000	1.000	0.022	3961	1999	135.000	0.016	1.000	1.000	1.000
781	0.058	4.560	15.984	0.961	0.355	0.209	34.631	0.793	0.370	554	2024	22.714	0.219	1.702	0.588	0.943
782	0.002	15.025	15.895	0.155	0.051	0.044	48.940	0.920	0.058	1894	2008	74.055	0.048	1.173	0.853	0.836
783	3.773E-4	13.245	15.886	0.067	0.025	0.019	135.000	1.000	0.029	1669	2002	123.690	0.022	1.291	0.775	0.800
784	0.001	25.488	15.911	0.121	0.041	0.037	90.000	1.000	0.046	3213	2004	120.964	0.040	1.121	0.892	0.864
785	0.081	24.233	16.058	1.117	0.373	0.276	176.293	0.816	0.390	3030	2030	12.907	0.292	1.352	0.740	0.944
786	0.110	19.812	16.146	1.333	0.450	0.311	95.388	0.776	0.500	2499	2007	92.726	0.333	1.448	0.691	0.948
787	0.030	10.519	16.032	0.662	0.239	0.159	153.024	0.854	0.246	1315	2012	146.821	0.167	1.499	0.667	0.939
788	0.056	16.924	16.065	1.285	0.337	0.213	30.644	0.429	0.381	2118	2041	31.373	0.261	1.583	0.632	0.741
789	0.006	21.857	16.000	0.273	0.093	0.076	158.106	0.935	0.102	2751	2014	141.340	0.079	1.227	0.815	0.917
790	0.100	13.009	16.165	1.289	0.445	0.287	150.018	0.759	0.458	1617	2026	142.734	0.306	1.551	0.645	0.934
791	0.305	25.287	16.382	2.440	0.963	0.404	132.908	0.644	0.965	3147	2021	132.337	0.440	2.384	0.419	0.940
792	0.002	0.343	16.039	0.139	0.045	0.043	45.000	0.978	0.051	41	2025	38.660	0.045	1.064	0.940	0.842
793	0.158	31.894	16.281	1.603	0.541	0.371	109.198	0.770	0.571	4014	2022	103.650	0.397	1.458	0.686	0.949
794	0.051	11.507	16.194	0.844	0.266	0.246	98.310	0.906	0.283	1448	2060	78.690	0.252	1.085	0.922	0.952
795	1.258E-4	0.452	16.085	0.034	0.018	0.009	0.000	1.000	0.018	56	2028	153.435	0.008	2.000	0.500	1.000
796	6.288E-5	0.646	16.085	0.022	0.009	0.009	0.000	1.000	0.011	81	2028	135.000	0.008	1.000	1.000	1.000
797	3.144E-4	1.504	16.088	0.061	0.025	0.016	161.565	1.000	0.029	188	2028	146.310	0.016	1.553	0.644	0.909
798	0.105	33.165	16.260	1.317	0.456	0.294	169.171	0.764	0.475	4157	2040	165.500	0.306	1.549	0.645	0.945
799	0.112	34.325	16.318	1.301	0.396	0.361	124.631	0.835	0.439	4321	2032	106.798	0.352	1.098	0.911	0.949
800	0.050	14.524	16.254	0.852	0.307	0.206	125.859	0.861	0.315	1816	2037	139.086	0.211	1.493	0.670	0.955
801	0.038	5.553	16.281	0.788	0.254	0.192	58.069	0.775	0.286	686	2065	56.310	0.199	1.323	0.756	0.908
802	3.773E-4	7.441	16.155	0.067	0.025	0.019	135.000	1.000	0.029	937	2036	123.690	0.022	1.291	0.775	0.800
803	5.659E-4	2.132	16.164	0.078	0.031	0.023	159.699	1.000	0.035	267	2037	153.435	0.024	1.340	0.746	0.857
804	8.174E-4	2.562	16.179	0.099	0.035	0.030	13.776	1.000	0.040	321	2039	143.130	0.032	1.148	0.871	0.897
805	6.288E-4	23.020	16.171	0.083	0.033	0.025	2.596E-14	1.000	0.035	2901	2038	153.435	0.024	1.327	0.753	0.909
806	0.020	17.420	16.241	0.538	0.198	0.130	19.223	0.876	0.206	2185	2052	15.642	0.138	1.519	0.658	0.932
807	0.072	2.468	16.370	1.050	0.340	0.269	72.078	0.816	0.359	300	2085	67.964	0.284	1.264	0.791	0.943
808	2.515E-4	7.708	16.200	0.045	0.018	0.018	0.000	1.000	0.022	971	2042	135.000	0.016	1.000	1.000	1.000
809	0.004	0.172	16.221	0.239	0.094	0.049	7.106	0.788	0.098	16	2046	14.036	0.048	1.937	0.516	0.919
810	3.773E-4	0.646	16.208	0.061	0.027	0.018	0.000	1.000	0.029	80	2043	146.310	0.016	1.500	0.667	1.000
811	7.545E-4	1.007	16.228	0.106	0.038	0.025	126.650	0.851	0.043	126	2044	111.801	0.028	1.504	0.665	0.800
812	4.401E-4	1.162	16.222	0.072	0.024	0.023	0.000	1.000	0.029	146	2044	123.690	0.024	1.069	0.936	0.875
813	0.047	20.575	16.343	0.867	0.294	0.204	38.386	0.789	0.311	2578	2075	37.747	0.219	1.444	0.693	0.930
814	0.001	16.542	16.235	0.133	0.050	0.033	43.962	0.943	0.057	2083	2049	33.690	0.039	1.515	0.660	0.857
815	2.515E-4	9.349	16.240	0.045	0.018	0.018	0.000	1.000	0.022	1178	2047	135.000	0.016	1.000	1.000	1.000
816	7.545E-4	0.631	16.277	0.099	0.039	0.025	99.417	0.967	0.043	79	2050	111.801	0.024	1.579	0.633	0.889
817	9.432E-4	0.194	16.283	0.108	0.045	0.027	0.000	1.000	0.046	22	2052	149.036	0.024	1.667	0.600	1.000
818	3.144E-4	0.440	16.291	0.067	0.020	0.020	0.000	0.873	0.025	55	2053	108.435	0.022	1.000	1.000	0.714
819	0.069	22.013	16.439	1.044	0.387	0.229	42.091	0.800	0.383	2760	2092	39.958	0.235	1.692	0.591	0.945
820	0.200	30.328	16.510	1.795	0.563	0.452	141.553	0.780	0.622	3795	2054	127.747	0.484	1.244	0.804	0.944
821	4.401E-4	8.412	16.315	0.072	0.024	0.023	90.000	1.000	0.029	1060	2056	123.690	0.024	1.069	0.936	0.875
822	0.001	9.026	16.368	0.133	0.050	0.034	57.458	0.943	0.056	1136	2067	45.000	0.039	1.478	0.677	0.857
823	1.258E-4	0.262	16.359	0.045	0.021	0.008	135.000	0.785	0.022	32	2062	135.000	0.011	2.646	0.378	0.667
824	8.174E-4	1.016	16.374	0.094	0.035	0.030	45.000	1.000	0.040	126	2066	36.870	0.032	1.159	0.863	0.897
825	8.174E-4	4.900	16.383	0.094	0.035	0.030	45.000	1.000	0.040	616	2068	36.870	0.032	1.159	0.863	0.897
826	7.545E-4	1.255	16.391	0.094	0.035	0.027	122.067	1.000	0.040	157	2065	126.870	0.032	1.281	0.780	0.857
827	1.258E-4	0.361	16.390	0.038	0.018	0.009	90.000	1.000	0.018	45	2066	116.565	0.008	2.000	0.500	1.000
828	0.139	11.772	16.586	1.472	0.469	0.378	133.988	0.808	0.513	1462	2072	140.648	0.399	1.239	0.807	0.951
829	2.515E-4	11.173	16.398	0.045	0.018	0.018	0.000	1.000	0.022	1408	2067	135.000	0.016	1.000	1.000	1.000
830	9.432E-4	0.310	16.423	0.104	0.037	0.033	45.001	1.000	0.045	37	2073	45.000	0.032	1.137	0.880	0.968
831	0.003	3.057	16.445	0.214	0.074	0.056	84.778	0.898	0.081	385	2079	78.690	0.056	1.329	0.752	0.881
832	4.401E-4	21.721	16.418	0.067	0.024	0.023	90.000	1.000	0.029	2738	2069	123.690	0.024	1.069	0.936	0.875
833	0.076	1.907	16.601	1.090	0.403	0.239	120.479	0.801	0.403	224	2074	126.193	0.252	1.683	0.594	0.942
834	0.070	9.467	16.606	1.083	0.301	0.294	123.528	0.745	0.344	1200	2118	82.057	0.312	1.025	0.976	0.918
835	0.083	7.117	16.636	1.082	0.334	0.316	58.673	0.890	0.359	878	2110	35.096	0.316	1.057	0.946	0.961
836	0.001	4.253	16.502	0.128	0.054	0.028	125.168	0.916	0.057	534	2078	123.690	0.034	1.894	0.528	0.844
837	0.129	4.571	16.688	1.443	0.467	0.353	111.749	0.781	0.501	552	2083	130.503	0.386	1.325	0.755	0.932
838	0.001	1.153	16.516	0.128	0.048	0.033	54.790	0.965	0.053	144	2086	63.435	0.039	1.465	0.683	0.833
839	0.088	15.920	16.634	1.161	0.395	0.283	176.725	0.818	0.407	1986	2110	20.556	0.278	1.397	0.716	0.944
840	0.032	2.228	16.617	0.669	0.211	0.191	68.028	0.892	0.223	277	2082	106.504	0.193	1.105	0.905	0.936
841	1.886E-4	8.547	16.519	0.045	0.019	0.013	135.000	1.000	0.022	1077	2082	135.000	0.016	1.464	0.683	0.857
842	6.288E-4	0.615	16.567	0.088	0.031	0.025	90.000	1.000	0.035	77	2087	116.565	0.024	1.236	0.809	0.909
843	7.545E-4	0.958	16.562	0.099	0.034	0.028	34.722	0.967	0.040	119	2090	36.870	0.032	1.218	0.821	0.889
844	0.002	26.115	16.578	0.171	0.059	0.047	45.001	0.947	0.064	3290	2093	29.745	0.053	1.258	0.795	0.864
845	2.515E-4	4.337	16.565	0.045	0.018	0.018	0.000	1.000	0.022	546	2088	135.000	0.016	1.000	1.000	1.000
846	4.401E-4	0.141	16.585	0.072	0.024	0.023	90.000	1.000	0.029	17	2090	123.690	0.024	1.069	0.936	0.875
847	0.048	8.491	16.702	0.843	0.291	0.210	38.270	0.849	0.310	1060	2122	50.194	0.224	1.386	0.722	0.951
848	0.143	23.334	16.848	1.530	0.521	0.348	110.696	0.766	0.530	2926	2095	124.641	0.361	1.497	0.668	0.936
849	3.773E-4	0.209	16.623	0.067	0.025	0.019	135.000	1.000	0.029	25	2095	123.690	0.022	1.291	0.775	0.800
850	2.515E-4	26.183	16.620	0.045	0.018	0.018	0.000	1.000	0.022	3301	2095	135.000	0.016	1.000	1.000	1.000
851	0.080	5.720	16.779	1.106	0.349	0.293	21.269	0.826	0.370	697	2125	9.866	0.309	1.190	0.840	0.943
852	0.004	28.483	16.725	0.246	0.088	0.064	81.137	0.917	0.093	3591	2115	70.017	0.063	1.386	0.721	0.915
853	3.773E-4	26.592	16.700	0.061	0.027	0.018	0.000	1.000	0.029	3352	2105	146.310	0.016	1.500	0.667	1.000
854	0.003	1.067	16.802	0.214	0.078	0.056	37.647	0.933	0.086	130	2122	33.690	0.062	1.403	0.713	0.900
855	0.107	24.252	17.020	1.530	0.643	0.212	40.019	0.576	0.629	3030	2175	41.934	0.233	3.025	0.331	0.897
856	2.515E-4	1.158	16.811	0.045	0.018	0.018	0.000	1.000	0.022	145	2119	135.000	0.016	1.000	1.000	1.000
857	0.002	0.695	16.843	0.218	0.078	0.033	146.711	0.533	0.082	83	2122	150.945	0.046	2.382	0.420	0.653
858	2.515E-4	11.260	16.819	0.045	0.018	0.018	0.000	1.000	0.022	1419	2120	135.000	0.016	1.000	1.000	1.000
859	6.288E-4	1.913	16.900	0.090	0.032	0.025	45.000	0.982	0.035	239	2132	26.565	0.028	1.241	0.806	0.800
860	0.177	33.250	17.153	1.644	0.510	0.441	4.825	0.821	0.552	4158	2173	18.435	0.449	1.155	0.866	0.944
861	0.001	0.101	16.950	0.121	0.045	0.035	47.080	1.000	0.051	10	2139	38.660	0.039	1.282	0.780	0.909
862	6.917E-4	5.845	16.942	0.088	0.035	0.025	15.071	1.000	0.040	735	2138	36.870	0.024	1.372	0.729	0.957
863	0.001	6.055	16.957	0.112	0.041	0.031	52.589	1.000	0.046	762	2141	59.036	0.034	1.317	0.759	0.821
864	0.002	32.863	16.993	0.139	0.048	0.040	47.940	0.978	0.053	4141	2144	26.565	0.045	1.224	0.817	0.842
865	0.118	34.522	17.149	1.317	0.446	0.338	179.912	0.858	0.462	4325	2164	5.906	0.333	1.319	0.758	0.963
866	0.002	6.245	17.072	0.144	0.048	0.042	44.111	0.954	0.053	785	2155	26.565	0.046	1.131	0.884	0.847
867	3.144E-4	8.106	17.121	0.056	0.025	0.016	161.565	1.000	0.029	1021	2158	146.310	0.016	1.553	0.644	0.909
868	0.298	27.872	17.412	2.487	1.005	0.377	16.111	0.605	0.981	3453	2224	22.834	0.411	2.669	0.375	0.940
869	0.454	31.987	17.424	2.939	1.153	0.502	174.000	0.661	1.107	3962	2199	171.347	0.502	2.297	0.435	0.941
870	1.886E-4	2.417	17.169	0.045	0.019	0.013	135.000	1.000	0.022	304	2164	135.000	0.016	1.464	0.683	0.857
871	0.076	26.286	17.359	1.131	0.350	0.277	56.357	0.748	0.396	3299	2208	57.265	0.301	1.262	0.792	0.917
872	1.886E-4	6.311	17.224	0.045	0.019	0.013	135.000	1.000	0.022	795	2171	135.000	0.016	1.464	0.683	0.857
873	0.002	24.461	17.257	0.171	0.056	0.047	45.000	0.892	0.062	3082	2179	39.806	0.053	1.188	0.842	0.835
874	1.886E-4	5.005	17.317	0.045	0.019	0.013	135.000	1.000	0.022	630	2183	135.000	0.016	1.464	0.683	0.857
875	0.223	30.254	17.565	1.964	0.761	0.372	160.350	0.725	0.778	3769	2197	159.717	0.401	2.045	0.489	0.955
876	4.401E-4	0.202	17.459	0.072	0.024	0.023	0.000	1.000	0.029	25	2200	123.690	0.024	1.069	0.936	0.875
877	0.002	2.677	17.601	0.171	0.064	0.043	41.603	0.947	0.068	334	2222	35.538	0.050	1.484	0.674	0.875
878	1.258E-4	2.553	17.719	0.034	0.018	0.009	0.000	1.000	0.018	321	2234	153.435	0.008	2.000	0.500	1.000
879	0.025	27.547	17.871	0.646	0.252	0.127	121.513	0.753	0.249	3466	2240	127.235	0.132	1.986	0.503	0.916
880	1.258E-4	0.971	17.802	0.038	0.018	0.009	90.000	1.000	0.018	122	2244	116.565	0.008	2.000	0.500	1.000
881	6.288E-4	0.994	17.865	0.083	0.033	0.025	90.000	1.000	0.035	124	2251	116.565	0.024	1.327	0.753	0.909
882	5.030E-4	4.512	17.941	0.078	0.028	0.023	0.000	1.000	0.033	567	2262	165.964	0.024	1.195	0.837	0.800
883	1.886E-4	13.384	17.946	0.045	0.019	0.013	135.000	1.000	0.022	1687	2262	135.000	0.016	1.464	0.683	0.857
884	0.001	0.984	17.964	0.121	0.045	0.034	55.651	1.000	0.051	122	2268	38.660	0.039	1.344	0.744	0.884
885	8.174E-4	19.756	17.975	0.101	0.035	0.030	28.764	1.000	0.040	2489	2266	168.690	0.032	1.145	0.874	0.812
886	3.144E-4	17.876	18.033	0.056	0.025	0.016	161.565	1.000	0.029	2253	2273	146.310	0.016	1.553	0.644	0.909
887	0.002	0.645	18.062	0.133	0.048	0.040	70.395	1.000	0.053	80	2281	63.435	0.040	1.222	0.818	0.906
888	0.005	0.767	18.085	0.268	0.088	0.068	77.239	0.825	0.097	93	2285	55.008	0.071	1.303	0.768	0.872
889	3.773E-4	0.605	18.122	0.067	0.025	0.019	135.000	1.000	0.029	75	2284	123.690	0.022	1.291	0.775	0.800
890	1.886E-4	1.370	18.128	0.045	0.019	0.013	135.000	1.000	0.022	172	2285	135.000	0.016	1.464	0.683	0.857
891	5.030E-4	14.022	18.180	0.072	0.028	0.023	135.000	1.000	0.034	1767	2291	135.000	0.024	1.229	0.814	0.941
892	0.001	0.488	18.193	0.121	0.046	0.033	48.221	1.000	0.051	59	2296	38.660	0.039	1.380	0.725	0.884
893	3.144E-4	2.189	18.196	0.061	0.025	0.016	71.565	1.000	0.029	275	2296	56.310	0.016	1.553	0.644	0.909
894	0.001	3.185	18.207	0.128	0.046	0.033	51.198	0.916	0.051	399	2298	38.660	0.039	1.369	0.730	0.809
895	0.001	3.470	18.230	0.128	0.050	0.034	61.316	1.000	0.053	436	2302	63.435	0.039	1.465	0.683	0.857
896	4.401E-4	13.944	18.220	0.072	0.024	0.023	0.000	1.000	0.029	1758	2296	123.690	0.024	1.069	0.936	0.875
897	0.002	3.391	18.264	0.171	0.057	0.045	85.302	0.865	0.065	426	2307	75.964	0.048	1.255	0.797	0.853
898	5.659E-4	3.294	18.255	0.083	0.031	0.023	69.699	1.000	0.035	414	2304	63.435	0.024	1.340	0.746	0.857
899	2.515E-4	0.642	18.254	0.045	0.018	0.018	0.000	1.000	0.022	80	2301	135.000	0.016	1.000	1.000	1.000
900	0.001	3.533	18.276	0.164	0.061	0.030	18.007	0.673	0.068	441	2305	20.556	0.038	2.049	0.488	0.767
901	1.886E-4	2.711	18.279	0.045	0.019	0.013	135.000	1.000	0.022	341	2304	135.000	0.016	1.464	0.683	0.857
902	8.803E-4	1.574	18.294	0.106	0.040	0.028	14.872	0.993	0.043	196	2306	158.199	0.032	1.421	0.704	0.824
903	6.288E-5	13.976	18.290	0.022	0.009	0.009	0.000	1.000	0.011	1762	2306	135.000	0.008	1.000	1.000	1.000
904	5.030E-4	3.304	18.306	0.072	0.028	0.023	45.000	1.000	0.034	415	2310	45.000	0.024	1.229	0.814	0.941
905	2.515E-4	3.259	18.309	0.045	0.018	0.018	0.000	1.000	0.022	410	2308	135.000	0.016	1.000	1.000	1.000
906	6.917E-4	3.661	18.315	0.094	0.030	0.029	45.002	0.976	0.035	460	2308	116.565	0.032	1.035	0.966	0.846
907	0.002	3.394	18.345	0.205	0.090	0.030	40.557	0.642	0.095	424	2318	41.634	0.038	2.963	0.337	0.800
908	0.001	14.063	18.341	0.115	0.043	0.030	37.982	0.958	0.051	1771	2315	38.660	0.032	1.447	0.691	0.889
909	2.515E-4	3.497	18.341	0.045	0.018	0.018	0.000	1.000	0.022	440	2312	135.000	0.016	1.000	1.000	1.000
910	3.144E-4	0.979	18.380	0.072	0.022	0.018	90.000	0.764	0.029	123	2316	123.690	0.024	1.223	0.817	0.714
911	0.005	3.422	18.459	0.380	0.136	0.045	50.378	0.416	0.151	425	2334	42.879	0.059	3.054	0.327	0.697
912	7.545E-4	3.660	18.443	0.094	0.034	0.028	55.278	1.000	0.040	460	2328	36.870	0.032	1.218	0.821	0.889
913	2.515E-4	20.224	18.442	0.056	0.022	0.015	0.000	1.000	0.025	2549	2325	161.565	0.016	1.468	0.681	0.800
914	5.659E-4	0.726	18.467	0.083	0.031	0.023	69.699	1.000	0.035	91	2331	63.435	0.024	1.340	0.746	0.857
915	2.515E-4	19.083	18.502	0.056	0.022	0.015	0.000	1.000	0.025	2405	2333	161.565	0.016	1.468	0.681	0.800
916	1.258E-4	1.951	18.504	0.034	0.018	0.009	0.000	1.000	0.018	245	2333	153.435	0.008	2.000	0.500	1.000
