 	Area	X	Y	Perim.	Major	Minor	Angle	Circ.	Feret	FeretX	FeretY	FeretAngle	MinFeret	AR	Round	Solidity
1	0.003	19.461	0.614	0.185	0.061	0.057	45.003	1.000	0.067	2203	71	23.199	0.062	1.066	0.938	0.875
2	0.955	30.592	1.282	4.895	1.527	0.796	144.213	0.501	1.600	3395	96	139.022	0.859	1.917	0.522	0.917
3	1.567	25.692	1.536	5.321	1.639	1.217	65.354	0.696	1.859	2882	275	61.368	1.335	1.347	0.742	0.950
4	0.903	27.901	1.349	4.204	1.556	0.739	149.807	0.642	1.545	3077	129	156.801	0.761	2.104	0.475	0.925
5	2.096	17.326	1.717	6.384	1.752	1.524	98.650	0.646	1.920	1895	95	123.763	1.680	1.150	0.870	0.922
6	1.959	22.989	1.524	6.490	2.579	0.967	160.066	0.584	2.660	2466	127	159.222	1.055	2.666	0.375	0.931
7	2.865	10.909	2.018	7.300	2.562	1.423	3.478	0.676	2.704	1065	253	176.260	1.553	1.800	0.556	0.962
8	4.667E-4	13.529	1.239	0.068	0.030	0.020	90.000	1.000	0.032	1533	139	123.690	0.018	1.500	0.667	1.000
9	1.769	19.864	1.794	5.800	2.062	1.092	3.114	0.661	2.084	2139	189	177.331	1.122	1.888	0.530	0.945
10	4.667E-4	21.872	1.424	0.068	0.030	0.020	90.000	1.000	0.032	2479	160	123.690	0.018	1.500	0.667	1.000
11	0.001	1.746	1.537	0.123	0.044	0.036	117.990	1.000	0.051	196	172	120.964	0.035	1.234	0.810	0.889
12	0.001	18.895	1.553	0.130	0.042	0.040	0.000	0.985	0.047	2141	174	111.801	0.044	1.044	0.957	0.850
13	0.004	27.554	1.573	0.250	0.100	0.052	155.713	0.827	0.107	3119	176	155.556	0.061	1.923	0.520	0.876
14	1.783	13.830	2.160	6.106	2.361	0.962	169.826	0.601	2.312	1441	207	160.390	1.009	2.455	0.407	0.922
15	7.778E-5	30.290	1.636	0.025	0.010	0.010	0.000	1.000	0.012	3434	185	135.000	0.009	1.000	1.000	1.000
16	0.002	18.767	1.702	0.165	0.056	0.050	0.000	1.000	0.064	2125	191	146.310	0.053	1.131	0.884	0.875
17	0.001	30.466	1.733	0.145	0.066	0.029	173.736	0.879	0.067	3451	195	156.801	0.026	2.298	0.435	0.950
18	2.451	7.278	2.358	7.054	2.560	1.219	179.431	0.619	2.617	675	250	173.809	1.191	2.101	0.476	0.950
19	3.650	3.365	2.575	8.768	3.327	1.397	176.318	0.597	3.303	191	292	171.091	1.470	2.381	0.420	0.939
20	0.002	7.495	2.977	0.165	0.062	0.043	7.665	0.967	0.067	846	339	23.199	0.044	1.434	0.697	0.885
21	0.964	26.576	3.512	4.301	1.463	0.839	4.234	0.655	1.635	2923	394	176.289	0.896	1.744	0.573	0.941
22	0.669	20.299	3.807	3.582	1.337	0.637	117.906	0.655	1.432	2260	353	115.934	0.694	2.100	0.476	0.941
23	0.805	24.339	3.664	4.537	1.775	0.578	159.624	0.492	1.903	2663	368	155.930	0.651	3.073	0.325	0.908
24	0.817	22.024	3.669	3.835	1.423	0.731	159.401	0.698	1.486	2419	379	150.086	0.781	1.946	0.514	0.953
25	0.645	30.498	3.718	3.674	1.459	0.563	154.253	0.601	1.416	3385	382	152.158	0.567	2.589	0.386	0.934
26	0.500	28.717	3.790	2.911	0.901	0.706	175.038	0.741	0.945	3199	434	176.791	0.713	1.275	0.784	0.945
27	1.158	13.957	4.184	4.562	1.293	1.140	154.067	0.699	1.440	1499	496	176.840	1.136	1.135	0.881	0.929
28	0.519	16.002	4.089	3.058	1.113	0.594	105.644	0.697	1.131	1786	404	120.964	0.606	1.875	0.533	0.956
29	1.221	18.065	4.146	5.057	1.856	0.837	160.976	0.600	1.917	1950	434	159.814	0.905	2.217	0.451	0.932
30	0.616	12.461	4.373	3.658	1.483	0.529	118.985	0.579	1.496	1383	420	118.530	0.554	2.804	0.357	0.927
31	1.615	10.474	4.493	5.530	1.894	1.086	148.214	0.664	2.104	1092	459	155.477	1.162	1.744	0.573	0.930
32	3.889E-4	26.744	3.927	0.075	0.027	0.018	124.099	0.873	0.032	3031	444	123.690	0.024	1.496	0.668	0.714
33	0.886	8.298	4.540	4.341	1.617	0.698	21.972	0.591	1.778	848	555	23.385	0.812	2.317	0.432	0.921
34	0.002	2.391	4.108	0.155	0.054	0.048	45.000	1.000	0.059	268	467	26.565	0.050	1.131	0.884	0.881
35	0.736	6.210	4.632	3.622	1.248	0.751	151.588	0.705	1.249	645	485	138.434	0.771	1.663	0.601	0.945
36	1.039	1.991	4.905	4.320	1.197	1.106	93.639	0.700	1.285	162	511	129.151	1.127	1.082	0.924	0.954
37	0.842	4.352	4.954	4.532	1.874	0.572	153.413	0.515	1.893	407	497	146.976	0.638	3.276	0.305	0.908
38	0.002	14.624	4.611	0.148	0.054	0.044	177.027	1.000	0.059	1655	522	153.435	0.044	1.232	0.812	0.906
39	7.778E-4	12.925	4.642	0.098	0.035	0.028	90.000	1.000	0.039	1465	524	116.565	0.026	1.236	0.809	0.909
40	0.002	14.137	4.784	0.142	0.054	0.040	31.201	1.000	0.059	1600	544	26.565	0.044	1.361	0.735	0.880
41	0.346	28.725	5.201	2.714	1.093	0.403	141.039	0.590	1.122	3206	544	143.310	0.433	2.712	0.369	0.944
42	0.332	27.452	5.184	2.401	0.862	0.490	70.084	0.723	0.874	3105	642	87.109	0.489	1.760	0.568	0.956
43	0.398	30.473	5.125	2.928	1.068	0.475	9.100	0.583	1.156	3389	601	15.945	0.529	2.250	0.445	0.917
44	0.004	3.232	4.956	0.213	0.071	0.063	122.076	0.970	0.081	363	559	139.399	0.062	1.133	0.882	0.909
45	0.270	25.795	5.309	2.066	0.735	0.468	124.567	0.795	0.752	2911	562	112.051	0.485	1.572	0.636	0.950
46	0.401	24.268	5.430	2.606	0.838	0.609	15.920	0.742	0.903	2705	644	27.316	0.652	1.376	0.727	0.937
47	0.496	22.595	5.567	3.314	1.387	0.455	147.312	0.568	1.331	2495	596	156.153	0.465	3.047	0.328	0.922
48	8.556E-4	10.848	5.240	0.100	0.035	0.031	18.435	1.000	0.039	1228	593	153.435	0.035	1.139	0.878	0.815
49	0.250	21.133	5.566	2.086	0.742	0.428	33.086	0.721	0.822	2356	656	33.179	0.487	1.734	0.577	0.937
50	0.352	19.720	5.783	2.771	0.974	0.460	171.447	0.575	1.050	2171	654	169.351	0.497	2.117	0.472	0.894
51	0.658	16.635	6.237	3.695	1.397	0.600	121.126	0.605	1.431	1845	637	122.417	0.682	2.330	0.429	0.900
52	0.001	25.611	5.629	0.110	0.039	0.035	180.000	1.000	0.044	2903	636	126.870	0.035	1.125	0.889	0.933
53	0.459	18.002	6.039	2.816	1.014	0.576	147.544	0.727	1.080	1995	646	137.317	0.613	1.759	0.568	0.951
54	0.002	25.280	5.737	0.135	0.046	0.046	0.000	1.000	0.051	2865	648	120.964	0.044	1.000	1.000	0.913
55	0.461	13.225	6.099	3.104	1.118	0.524	175.043	0.601	1.232	1431	674	170.942	0.609	2.133	0.469	0.906
56	0.371	14.777	6.153	2.508	0.871	0.543	156.051	0.742	0.933	1638	664	143.455	0.555	1.603	0.624	0.946
57	0.447	11.538	6.435	2.772	0.947	0.601	149.622	0.731	1.002	1256	703	155.014	0.639	1.575	0.635	0.931
58	0.430	30.065	6.465	2.727	0.909	0.602	1.334	0.726	0.941	3353	728	167.005	0.606	1.511	0.662	0.947
59	0.335	28.418	6.549	2.578	0.982	0.434	31.118	0.633	0.986	3180	783	42.825	0.459	2.261	0.442	0.915
60	0.176	27.073	6.688	1.756	0.659	0.341	96.920	0.719	0.682	3061	719	104.216	0.352	1.930	0.518	0.930
61	0.674	9.509	6.760	3.605	1.290	0.665	13.460	0.652	1.351	1002	784	16.305	0.700	1.939	0.516	0.930
62	0.194	25.944	6.886	1.914	0.730	0.338	127.311	0.666	0.767	2912	748	134.534	0.368	2.159	0.463	0.927
63	0.727	7.502	7.022	3.834	1.392	0.665	7.890	0.622	1.529	761	817	3.638	0.729	2.092	0.478	0.946
64	0.551	3.848	7.194	3.233	1.150	0.610	24.346	0.662	1.245	371	831	15.611	0.623	1.887	0.530	0.932
65	0.587	5.658	7.156	3.329	1.087	0.688	154.554	0.665	1.218	575	788	149.534	0.766	1.580	0.633	0.930
66	0.289	23.307	7.107	2.328	0.883	0.416	167.230	0.669	0.943	2595	785	162.582	0.444	2.123	0.471	0.944
67	0.411	21.828	7.320	2.848	1.060	0.494	46.995	0.637	1.136	2436	880	46.888	0.524	2.145	0.466	0.927
68	0.107	24.864	7.223	1.355	0.492	0.276	171.800	0.730	0.499	2794	829	8.130	0.288	1.784	0.561	0.941
69	4.667E-4	29.097	7.114	0.075	0.028	0.021	45.000	1.000	0.032	3298	808	33.690	0.025	1.291	0.775	0.800
70	0.315	15.355	7.700	2.345	0.867	0.463	114.153	0.720	0.901	1716	829	120.579	0.474	1.874	0.534	0.937
71	0.360	20.204	7.617	2.651	1.012	0.453	25.212	0.644	1.053	2238	893	25.278	0.479	2.232	0.448	0.922
72	0.272	18.490	7.580	2.250	0.822	0.421	157.257	0.674	0.852	2047	846	158.749	0.481	1.952	0.512	0.923
73	0.392	12.378	7.936	2.702	0.977	0.511	56.923	0.675	1.032	1369	941	55.088	0.567	1.910	0.524	0.929
74	0.304	30.533	7.895	2.333	0.737	0.524	78.995	0.701	0.773	3446	852	108.642	0.505	1.407	0.711	0.921
75	0.403	16.906	7.938	2.611	0.859	0.597	43.445	0.742	0.939	1865	920	28.009	0.613	1.440	0.694	0.931
76	0.380	13.881	8.065	2.671	1.014	0.478	103.856	0.670	1.060	1552	859	109.942	0.500	2.122	0.471	0.952
77	9.333E-4	19.079	7.634	0.105	0.043	0.027	9.417	1.000	0.047	2161	867	21.801	0.026	1.579	0.633	0.889
78	0.482	1.800	7.976	3.288	1.158	0.530	172.318	0.560	1.260	133	900	173.571	0.571	2.187	0.457	0.913
79	3.111E-4	29.015	7.770	0.050	0.020	0.020	0.000	1.000	0.025	3289	880	135.000	0.018	1.000	1.000	1.000
80	0.221	27.949	8.204	2.186	0.865	0.325	61.423	0.580	0.874	3146	971	59.036	0.355	2.666	0.375	0.893
81	0.229	29.125	8.101	2.079	0.720	0.404	170.558	0.664	0.797	3262	914	174.920	0.428	1.783	0.561	0.903
82	0.310	10.877	8.326	2.340	0.804	0.491	130.483	0.711	0.844	1209	904	117.368	0.506	1.638	0.610	0.920
83	0.398	25.334	8.359	2.701	0.917	0.552	158.761	0.685	1.001	2822	925	157.730	0.588	1.661	0.602	0.933
84	0.283	26.566	8.410	2.173	0.680	0.530	88.901	0.753	0.721	2997	911	111.541	0.547	1.283	0.779	0.937
85	0.482	9.132	8.495	2.816	0.907	0.677	12.613	0.764	0.967	975	974	173.718	0.738	1.340	0.746	0.950
86	0.497	7.643	8.692	3.265	1.332	0.475	112.210	0.586	1.332	844	919	112.999	0.518	2.805	0.356	0.943
87	3.111E-4	18.139	8.259	0.068	0.024	0.016	90.000	0.857	0.028	2056	935	108.435	0.018	1.468	0.681	0.800
88	0.284	23.447	8.560	2.610	0.981	0.368	158.688	0.523	1.027	2602	964	168.111	0.430	2.665	0.375	0.834
89	0.002	20.763	8.331	0.155	0.057	0.043	13.391	1.000	0.064	2351	946	15.945	0.044	1.313	0.761	0.877
90	0.127	21.665	8.709	1.532	0.578	0.280	168.228	0.679	0.591	2425	980	162.646	0.309	2.066	0.484	0.908
91	0.459	5.855	8.999	2.913	0.860	0.679	13.931	0.680	0.955	608	1043	4.236	0.711	1.267	0.789	0.938
92	0.405	18.718	9.105	2.652	0.955	0.540	3.102	0.723	0.990	2064	1031	175.914	0.595	1.767	0.566	0.937
93	0.282	20.138	9.081	2.180	0.780	0.461	149.214	0.747	0.791	2249	1003	149.146	0.492	1.693	0.591	0.938
94	0.239	30.762	9.218	1.967	0.666	0.456	153.356	0.775	0.685	3458	1022	141.801	0.472	1.460	0.685	0.950
95	0.472	3.883	9.329	3.254	1.321	0.455	163.809	0.561	1.343	368	1040	166.329	0.493	2.900	0.345	0.933
96	1.556E-4	17.193	9.040	0.043	0.020	0.010	90.000	1.000	0.020	1949	1024	116.565	0.009	2.000	0.500	1.000
97	0.365	15.890	9.421	2.505	0.892	0.521	45.838	0.730	0.944	1761	1105	40.833	0.550	1.714	0.583	0.948
98	0.375	17.198	9.427	2.711	0.941	0.508	151.736	0.642	1.000	1908	1037	146.870	0.548	1.851	0.540	0.920
99	0.148	29.444	9.359	1.628	0.604	0.312	120.583	0.702	0.639	3322	1029	114.444	0.334	1.938	0.516	0.927
100	0.431	14.296	9.583	2.706	0.924	0.594	148.074	0.740	0.971	1575	1055	145.733	0.639	1.555	0.643	0.928
101	0.143	28.124	9.517	1.522	0.557	0.326	87.339	0.775	0.580	3181	1112	76.809	0.332	1.708	0.586	0.946
102	0.468	1.610	9.612	3.008	1.114	0.535	19.808	0.650	1.141	122	1107	19.415	0.566	2.083	0.480	0.922
103	0.240	26.945	9.637	2.055	0.746	0.409	77.388	0.713	0.783	3041	1137	67.479	0.430	1.825	0.548	0.941
104	0.211	12.930	9.603	1.906	0.649	0.413	40.542	0.729	0.672	1434	1106	29.932	0.423	1.572	0.636	0.912
105	9.333E-4	23.255	9.403	0.105	0.037	0.032	19.805	1.000	0.044	2635	1068	36.870	0.035	1.135	0.881	0.857
106	0.157	25.508	9.701	1.615	0.551	0.363	152.924	0.757	0.585	2866	1081	156.915	0.370	1.519	0.658	0.933
107	3.889E-4	25.116	9.501	0.068	0.028	0.018	71.565	1.000	0.032	2847	1079	56.310	0.018	1.553	0.644	0.909
108	0.248	24.206	9.795	2.111	0.783	0.402	29.847	0.698	0.825	2707	1140	36.747	0.412	1.947	0.514	0.938
109	6.222E-4	13.343	9.547	0.087	0.031	0.026	0.000	1.000	0.036	1511	1082	165.964	0.026	1.195	0.837	0.800
110	0.116	21.903	9.803	1.386	0.487	0.304	83.638	0.761	0.500	2475	1085	99.130	0.317	1.603	0.624	0.940
111	0.222	22.993	9.879	2.095	0.689	0.411	133.062	0.637	0.793	2574	1087	132.745	0.440	1.675	0.597	0.901
112	0.274	11.868	9.878	2.253	0.774	0.451	29.692	0.678	0.836	1306	1154	27.646	0.464	1.717	0.582	0.932
113	0.405	9.976	9.947	2.817	1.013	0.509	12.959	0.641	1.089	1076	1152	13.586	0.554	1.991	0.502	0.924
114	0.001	25.188	9.796	0.110	0.038	0.037	2.771E-13	1.000	0.044	2854	1109	126.870	0.035	1.020	0.981	0.933
115	7.778E-4	15.685	9.833	0.092	0.039	0.025	63.435	1.000	0.044	1777	1117	53.130	0.026	1.551	0.645	0.909
116	0.225	20.515	10.082	2.011	0.764	0.375	159.897	0.698	0.804	2283	1126	158.782	0.392	2.038	0.491	0.938
117	8.556E-4	25.832	9.914	0.100	0.035	0.031	18.435	1.000	0.039	2927	1123	153.435	0.035	1.139	0.878	0.815
118	0.297	8.677	10.397	2.270	0.749	0.504	87.338	0.723	0.766	973	1135	97.943	0.497	1.486	0.673	0.948
119	0.099	19.171	10.312	1.359	0.495	0.256	37.520	0.677	0.526	2151	1191	31.293	0.278	1.938	0.516	0.911
120	0.360	7.281	10.534	2.519	0.758	0.605	36.444	0.713	0.815	801	1238	35.754	0.656	1.254	0.797	0.936
121	7.778E-5	16.170	10.191	0.025	0.010	0.010	0.000	1.000	0.012	1833	1155	135.000	0.009	1.000	1.000	1.000
122	0.206	17.720	10.541	1.927	0.553	0.475	116.674	0.699	0.624	1975	1181	132.709	0.497	1.164	0.859	0.921
123	8.556E-4	18.947	10.311	0.098	0.039	0.028	105.071	1.000	0.044	2147	1167	126.870	0.026	1.372	0.729	0.957
124	0.239	6.039	10.592	2.006	0.618	0.494	159.311	0.748	0.690	649	1184	169.695	0.489	1.251	0.799	0.930
125	0.126	30.697	10.518	1.473	0.477	0.337	49.400	0.732	0.524	3467	1220	47.726	0.361	1.413	0.707	0.928
126	0.109	29.756	10.547	1.435	0.538	0.258	144.536	0.664	0.579	3347	1176	142.431	0.293	2.089	0.479	0.912
127	0.159	28.646	10.652	1.708	0.653	0.311	42.361	0.685	0.693	3218	1230	36.724	0.348	2.102	0.476	0.938
128	0.132	16.194	10.748	1.660	0.682	0.247	148.250	0.602	0.660	1803	1205	157.203	0.267	2.765	0.362	0.892
129	2.333E-4	20.797	10.546	0.050	0.021	0.014	135.000	1.000	0.025	2357	1195	135.000	0.018	1.464	0.683	0.857
130	0.177	2.881	10.768	1.766	0.554	0.406	168.986	0.712	0.590	293	1226	170.538	0.409	1.365	0.733	0.913
131	0.274	4.384	10.869	2.171	0.792	0.441	20.617	0.731	0.801	457	1251	28.258	0.467	1.794	0.557	0.940
132	0.116	27.565	10.842	1.341	0.440	0.335	152.388	0.811	0.468	3109	1210	144.211	0.351	1.313	0.762	0.949
133	1.556E-4	23.023	10.662	0.043	0.020	0.010	90.000	1.000	0.020	2610	1208	116.565	0.009	2.000	0.500	1.000
134	1.556E-4	28.367	10.680	0.043	0.020	0.010	90.000	1.000	0.020	3216	1210	116.565	0.009	2.000	0.500	1.000
135	0.300	14.616	10.981	2.396	0.819	0.467	9.405	0.658	0.886	1609	1250	12.653	0.520	1.755	0.570	0.908
136	0.244	26.403	11.053	1.942	0.661	0.470	149.040	0.813	0.714	2955	1238	151.220	0.493	1.405	0.712	0.954
137	0.110	25.258	11.098	1.483	0.575	0.243	118.923	0.627	0.577	2852	1232	113.429	0.263	2.361	0.424	0.909
138	0.263	13.273	11.172	1.992	0.584	0.574	66.640	0.833	0.651	1489	1235	116.565	0.564	1.017	0.984	0.955
139	5.444E-4	21.754	10.938	0.080	0.031	0.022	149.527	1.000	0.037	2465	1239	135.000	0.026	1.380	0.725	0.875
140	0.281	1.582	11.174	2.303	0.890	0.402	10.157	0.666	0.891	129	1273	11.421	0.413	2.215	0.452	0.925
141	0.001	12.875	11.025	0.105	0.039	0.033	45.000	1.000	0.044	1458	1252	36.870	0.035	1.159	0.863	0.897
142	0.075	22.377	11.198	1.101	0.386	0.248	64.407	0.779	0.415	2526	1290	60.709	0.274	1.558	0.642	0.924
143	0.155	20.933	11.340	1.601	0.613	0.322	123.079	0.760	0.626	2354	1256	122.347	0.347	1.905	0.525	0.948
144	0.238	10.862	11.391	2.019	0.686	0.442	136.431	0.735	0.769	1192	1268	139.185	0.486	1.553	0.644	0.943
145	0.131	23.618	11.314	1.747	0.719	0.233	157.390	0.541	0.734	2636	1270	159.605	0.246	3.087	0.324	0.896
146	0.100	12.076	11.367	1.290	0.444	0.286	53.740	0.753	0.466	1350	1305	37.304	0.295	1.554	0.644	0.933
147	2.333E-4	18.178	11.199	0.050	0.021	0.014	135.000	1.000	0.025	2060	1269	135.000	0.018	1.464	0.683	0.857
148	0.099	19.397	11.373	1.552	0.701	0.179	175.815	0.515	0.667	2161	1285	172.405	0.189	3.906	0.256	0.902
149	0.221	9.490	11.593	1.999	0.646	0.436	17.239	0.694	0.695	1038	1330	20.045	0.470	1.482	0.675	0.908
150	0.188	8.378	11.675	1.745	0.612	0.391	166.318	0.777	0.616	918	1307	156.371	0.404	1.566	0.639	0.944
151	0.001	26.950	11.598	0.105	0.039	0.033	45.000	1.000	0.044	3054	1317	36.870	0.035	1.159	0.863	0.897
152	0.165	17.841	11.789	1.703	0.639	0.328	6.183	0.713	0.653	1986	1348	18.925	0.356	1.948	0.513	0.938
153	0.308	6.682	11.988	2.211	0.709	0.553	159.350	0.791	0.728	717	1361	6.263	0.566	1.282	0.780	0.944
154	0.153	29.914	11.967	1.550	0.480	0.405	144.934	0.798	0.522	3365	1344	164.320	0.413	1.184	0.845	0.929
155	0.123	16.555	12.015	1.481	0.501	0.313	60.882	0.705	0.521	1871	1393	79.261	0.323	1.602	0.624	0.881
156	7.778E-4	23.755	11.789	0.098	0.035	0.028	90.000	1.000	0.039	2692	1335	116.565	0.026	1.236	0.809	0.909
157	0.171	5.377	12.030	1.860	0.644	0.338	157.505	0.622	0.670	579	1342	144.638	0.370	1.906	0.525	0.879
158	0.210	27.888	12.128	1.957	0.759	0.352	137.337	0.688	0.751	3130	1343	130.236	0.351	2.156	0.464	0.939
159	0.175	28.918	12.088	1.821	0.615	0.364	149.417	0.665	0.679	3249	1351	155.433	0.411	1.691	0.591	0.908
160	0.112	30.958	11.982	1.499	0.621	0.230	164.681	0.627	0.629	3477	1349	165.379	0.245	2.697	0.371	0.949
161	0.128	25.485	12.186	1.397	0.492	0.332	123.267	0.826	0.503	2878	1354	111.615	0.337	1.482	0.675	0.956
162	0.110	2.768	12.192	1.289	0.442	0.317	89.445	0.833	0.462	310	1356	103.241	0.326	1.391	0.719	0.950
163	0.001	19.336	12.016	0.135	0.047	0.040	26.565	1.000	0.051	2190	1361	149.036	0.043	1.179	0.848	0.864
164	0.139	15.158	12.317	1.625	0.635	0.279	119.899	0.661	0.648	1702	1364	119.358	0.290	2.276	0.439	0.920
165	0.232	1.506	12.327	2.137	0.808	0.365	159.586	0.638	0.866	124	1378	157.874	0.402	2.212	0.452	0.920
166	0.099	4.019	12.264	1.274	0.452	0.279	167.474	0.766	0.459	430	1386	157.380	0.293	1.622	0.617	0.929
167	4.667E-4	11.231	12.126	0.068	0.030	0.020	0.000	1.000	0.032	1272	1374	146.310	0.018	1.500	0.667	1.000
168	0.139	26.646	12.406	1.590	0.594	0.298	155.635	0.691	0.597	2990	1397	163.706	0.323	1.992	0.502	0.912
169	0.208	24.586	12.468	2.055	0.762	0.347	170.520	0.617	0.809	2741	1401	172.488	0.381	2.197	0.455	0.905
170	0.169	13.839	12.572	1.750	0.594	0.362	160.785	0.692	0.634	1537	1416	163.836	0.387	1.643	0.608	0.900
171	0.207	20.960	12.647	1.842	0.586	0.450	78.151	0.767	0.615	2382	1469	81.754	0.451	1.302	0.768	0.947
172	0.275	22.218	12.625	2.264	0.855	0.410	164.933	0.675	0.860	2470	1418	169.958	0.420	2.085	0.480	0.943
173	7.778E-4	3.739	12.420	0.092	0.036	0.027	2.596E-14	1.000	0.039	422	1407	153.435	0.026	1.327	0.753	0.909
174	0.005	23.761	12.469	0.255	0.089	0.070	72.014	0.943	0.095	2691	1418	56.310	0.071	1.268	0.788	0.913
175	0.230	12.395	12.709	2.014	0.751	0.390	166.153	0.713	0.759	1368	1422	160.301	0.404	1.924	0.520	0.943
176	0.276	9.710	12.762	2.127	0.714	0.493	8.566	0.768	0.737	1060	1461	21.038	0.529	1.447	0.691	0.935
177	0.261	23.453	12.714	2.220	0.847	0.393	175.793	0.666	0.871	2614	1434	173.019	0.432	2.156	0.464	0.933
178	0.163	10.986	12.684	1.662	0.610	0.341	17.702	0.743	0.647	1217	1456	25.866	0.367	1.788	0.559	0.950
179	0.201	19.791	12.815	1.916	0.690	0.371	154.351	0.688	0.740	2209	1431	149.153	0.404	1.860	0.538	0.924
180	5.444E-4	18.187	12.634	0.075	0.027	0.025	90.000	1.000	0.032	2061	1431	123.690	0.026	1.069	0.936	0.875
181	7.000E-4	19.946	12.657	0.092	0.035	0.026	110.301	1.000	0.039	2261	1433	116.565	0.026	1.340	0.746	0.857
182	0.001	17.117	12.704	0.133	0.058	0.029	4.308	0.941	0.059	1938	1442	26.565	0.026	1.977	0.506	0.971
183	0.227	18.569	12.891	2.281	0.827	0.350	0.704	0.549	0.901	2054	1461	2.806	0.379	2.366	0.423	0.904
184	0.327	17.394	13.237	2.614	0.900	0.463	114.055	0.601	0.949	1949	1446	110.120	0.533	1.945	0.514	0.882
185	0.263	8.229	13.002	2.116	0.783	0.428	177.740	0.738	0.802	889	1462	171.781	0.456	1.831	0.546	0.951
186	1.556E-4	16.108	12.991	0.043	0.020	0.010	90.000	1.000	0.020	1826	1472	116.565	0.009	2.000	0.500	1.000
187	0.133	5.549	13.285	1.506	0.527	0.321	83.067	0.737	0.551	628	1536	82.648	0.369	1.640	0.610	0.911
188	0.156	16.147	13.272	1.604	0.575	0.346	144.694	0.763	0.567	1800	1500	168.341	0.352	1.664	0.601	0.929
189	0.142	6.790	13.285	1.431	0.462	0.392	168.931	0.873	0.482	745	1493	161.896	0.388	1.176	0.850	0.963
190	4.667E-4	14.196	13.129	0.075	0.028	0.021	135.000	1.000	0.032	1609	1487	123.690	0.025	1.291	0.775	0.800
191	0.001	20.265	13.237	0.130	0.050	0.035	12.236	1.000	0.056	2295	1502	18.435	0.035	1.416	0.706	0.878
192	0.191	4.166	13.526	1.790	0.530	0.459	119.982	0.749	0.601	456	1505	119.954	0.485	1.154	0.867	0.922
193	5.444E-4	21.303	13.359	0.080	0.027	0.025	0.000	1.000	0.032	2415	1513	123.690	0.026	1.069	0.936	0.875
194	0.189	2.704	13.594	1.972	0.733	0.328	161.617	0.611	0.794	259	1538	167.816	0.348	2.234	0.448	0.900
195	0.124	14.846	13.660	1.497	0.567	0.278	91.607	0.693	0.577	1681	1519	96.147	0.300	2.042	0.490	0.929
196	0.140	28.895	13.622	1.647	0.638	0.280	157.404	0.650	0.652	3246	1524	149.967	0.299	2.275	0.440	0.915
197	0.121	1.351	13.682	1.430	0.518	0.296	24.793	0.741	0.575	123	1562	20.659	0.321	1.747	0.572	0.939
198	0.153	12.795	13.808	1.496	0.487	0.399	72.213	0.857	0.513	1442	1593	70.942	0.408	1.219	0.820	0.956
199	0.126	13.756	13.738	1.619	0.632	0.253	2.431	0.602	0.645	1520	1562	10.235	0.273	2.503	0.400	0.915
200	0.256	11.339	13.865	2.400	0.960	0.340	1.754	0.559	0.973	1232	1582	4.677	0.378	2.823	0.354	0.902
201	0.153	29.863	13.877	1.593	0.544	0.358	168.165	0.757	0.586	3355	1559	158.839	0.369	1.522	0.657	0.935
202	0.164	26.517	13.944	1.700	0.624	0.334	148.734	0.712	0.619	2980	1555	130.956	0.344	1.868	0.535	0.926
203	0.116	30.872	13.873	1.463	0.535	0.276	16.451	0.681	0.551	3471	1575	7.352	0.281	1.938	0.516	0.909
204	0.212	27.581	13.947	2.019	0.754	0.358	162.636	0.654	0.775	3086	1569	160.741	0.383	2.107	0.475	0.928
205	0.111	10.021	13.940	1.347	0.493	0.288	23.483	0.772	0.514	1108	1590	15.945	0.316	1.714	0.583	0.927
206	0.079	24.392	13.935	1.308	0.465	0.217	137.452	0.583	0.481	2745	1561	132.769	0.261	2.142	0.467	0.879
207	0.190	8.718	14.067	1.983	0.762	0.317	162.663	0.606	0.815	943	1582	164.310	0.343	2.407	0.415	0.910
208	0.002	17.615	13.992	0.148	0.049	0.044	0.000	0.988	0.056	1994	1586	161.565	0.044	1.113	0.898	0.880
209	0.140	22.715	14.230	1.507	0.489	0.364	69.278	0.774	0.507	2557	1637	40.061	0.375	1.346	0.743	0.929
210	0.077	25.361	14.154	1.148	0.426	0.231	41.410	0.738	0.455	2856	1620	35.538	0.254	1.843	0.543	0.928
211	0.003	29.573	14.042	0.197	0.063	0.059	101.559	0.953	0.073	3352	1596	75.964	0.062	1.065	0.939	0.864
212	0.114	7.629	14.286	1.373	0.487	0.298	111.482	0.761	0.519	855	1592	110.898	0.324	1.634	0.612	0.921
213	0.062	23.563	14.173	1.057	0.423	0.187	158.247	0.700	0.438	2648	1599	161.200	0.209	2.257	0.443	0.927
214	0.134	21.922	14.351	1.576	0.519	0.329	96.056	0.678	0.536	2482	1656	80.538	0.362	1.575	0.635	0.890
215	0.186	20.644	14.279	1.903	0.744	0.318	179.214	0.645	0.779	2296	1617	175.452	0.353	2.338	0.428	0.933
216	0.003	27.921	14.184	0.203	0.070	0.058	36.016	0.976	0.076	3162	1610	35.538	0.062	1.203	0.831	0.891
217	0.087	6.643	14.315	1.250	0.487	0.228	177.039	0.701	0.486	725	1620	168.486	0.234	2.136	0.468	0.930
218	0.126	19.425	14.501	1.437	0.531	0.302	164.112	0.765	0.544	2172	1634	160.096	0.315	1.760	0.568	0.934
219	0.183	4.550	14.734	1.878	0.686	0.340	75.621	0.653	0.736	502	1709	71.131	0.379	2.020	0.495	0.905
220	0.060	18.362	14.599	0.977	0.341	0.223	77.548	0.786	0.357	2073	1673	74.249	0.229	1.531	0.653	0.930
221	0.162	5.705	14.643	1.696	0.579	0.356	41.439	0.706	0.618	629	1688	47.891	0.386	1.626	0.615	0.924
222	0.196	17.234	14.663	1.958	0.760	0.329	170.257	0.644	0.779	1912	1658	174.806	0.353	2.309	0.433	0.900
223	1.556E-4	23.437	14.472	0.043	0.020	0.010	90.000	1.000	0.020	2657	1640	116.565	0.009	2.000	0.500	1.000
224	0.328	2.895	14.815	2.686	1.076	0.388	163.381	0.571	1.144	267	1658	160.168	0.412	2.777	0.360	0.927
225	0.148	15.886	14.781	1.697	0.576	0.328	173.503	0.647	0.646	1766	1667	165.774	0.366	1.756	0.570	0.880
226	0.214	1.412	14.929	1.890	0.703	0.387	41.242	0.752	0.727	125	1714	33.111	0.395	1.815	0.551	0.939
227	0.168	13.891	14.937	1.671	0.595	0.358	40.515	0.754	0.618	1546	1716	42.109	0.386	1.661	0.602	0.933
228	0.003	31.402	14.720	0.203	0.071	0.060	108.512	1.000	0.079	3559	1665	116.565	0.062	1.173	0.853	0.896
229	0.098	14.889	14.846	1.433	0.548	0.228	164.308	0.602	0.578	1653	1677	158.523	0.261	2.403	0.416	0.899
230	0.002	31.556	14.756	0.190	0.077	0.040	16.102	0.838	0.079	3574	1675	26.565	0.047	1.921	0.520	0.816
231	0.164	30.582	15.038	1.736	0.550	0.378	74.890	0.682	0.594	3458	1742	71.834	0.419	1.454	0.688	0.903
232	0.005	31.555	14.872	0.245	0.085	0.071	44.790	0.992	0.094	3574	1690	41.186	0.075	1.210	0.827	0.910
233	0.058	31.310	15.010	1.145	0.390	0.190	36.937	0.560	0.413	3535	1720	50.194	0.202	2.047	0.489	0.854
234	0.001	28.962	14.894	0.110	0.038	0.037	2.771E-13	1.000	0.044	3282	1687	126.870	0.035	1.020	0.981	0.933
235	0.013	14.235	14.966	0.413	0.145	0.113	103.862	0.950	0.151	1612	1689	110.556	0.115	1.279	0.782	0.941
236	0.001	21.783	14.922	0.110	0.043	0.032	45.000	1.000	0.050	2468	1694	45.000	0.035	1.319	0.758	0.933
237	0.157	26.508	15.148	1.716	0.688	0.291	151.063	0.671	0.679	2971	1703	155.433	0.304	2.368	0.422	0.930
238	0.259	12.811	15.127	2.326	0.872	0.378	4.839	0.601	0.897	1400	1722	6.776	0.402	2.310	0.433	0.905
239	3.111E-4	15.778	14.966	0.050	0.020	0.020	0.000	1.000	0.025	1788	1696	135.000	0.018	1.000	1.000	1.000
240	0.141	29.649	15.193	1.547	0.582	0.308	32.063	0.739	0.591	3330	1736	20.056	0.320	1.891	0.529	0.926
241	0.135	10.500	15.178	1.627	0.602	0.286	178.798	0.643	0.626	1154	1723	9.728	0.308	2.104	0.475	0.909
242	0.001	14.668	15.080	0.142	0.051	0.037	31.586	0.916	0.059	1660	1711	26.565	0.044	1.385	0.722	0.826
243	0.112	11.587	15.236	1.512	0.500	0.285	175.394	0.615	0.549	1281	1723	161.274	0.309	1.756	0.569	0.871
244	0.136	25.717	15.260	1.636	0.630	0.275	157.393	0.639	0.664	2879	1722	160.602	0.304	2.287	0.437	0.916
245	3.889E-4	25.942	15.112	0.075	0.022	0.022	0.000	0.873	0.028	2941	1712	108.435	0.025	1.000	1.000	0.714
246	0.100	9.187	15.322	1.381	0.509	0.250	24.487	0.659	0.521	1017	1752	33.959	0.284	2.034	0.492	0.897
247	5.444E-4	27.461	15.156	0.080	0.027	0.025	90.000	1.000	0.032	3113	1717	123.690	0.026	1.069	0.936	0.875
248	0.002	24.260	15.175	0.148	0.054	0.044	160.395	1.000	0.059	2748	1719	153.435	0.044	1.222	0.818	0.906
249	0.113	24.367	15.416	1.414	0.557	0.259	53.130	0.712	0.558	2744	1776	58.570	0.273	2.151	0.465	0.940
250	0.102	27.692	15.384	1.497	0.585	0.221	0.193	0.569	0.630	3107	1748	6.429	0.247	2.652	0.377	0.907
251	0.112	28.737	15.448	1.382	0.480	0.298	26.895	0.738	0.527	3231	1759	20.556	0.318	1.608	0.622	0.935
252	0.129	8.057	15.538	1.534	0.552	0.298	13.895	0.690	0.583	880	1771	10.460	0.312	1.848	0.541	0.914
253	0.188	7.042	15.616	1.933	0.731	0.328	162.472	0.632	0.770	764	1751	156.371	0.374	2.232	0.448	0.927
254	0.001	9.370	15.400	0.130	0.042	0.040	0.000	0.985	0.047	1061	1744	111.801	0.044	1.044	0.957	0.850
255	0.156	20.921	15.607	1.893	0.744	0.267	152.384	0.548	0.787	2329	1753	160.346	0.299	2.787	0.359	0.895
256	0.004	18.400	15.436	0.245	0.086	0.066	11.958	0.927	0.092	2081	1751	16.699	0.071	1.307	0.765	0.877
257	0.106	22.846	15.634	1.397	0.557	0.243	125.194	0.684	0.566	2574	1746	120.964	0.257	2.291	0.437	0.927
258	7.778E-4	14.574	15.484	0.098	0.035	0.028	90.000	1.000	0.039	1651	1754	116.565	0.026	1.236	0.809	0.909
259	0.071	21.880	15.617	1.106	0.402	0.225	172.884	0.729	0.405	2458	1767	163.540	0.245	1.785	0.560	0.902
260	0.117	5.765	15.802	1.396	0.483	0.307	93.410	0.752	0.532	645	1759	95.711	0.325	1.573	0.636	0.938
261	0.135	19.842	15.782	1.478	0.464	0.371	120.765	0.779	0.524	2236	1763	126.098	0.388	1.251	0.799	0.941
262	0.145	3.488	15.906	1.599	0.586	0.315	89.803	0.711	0.604	389	1769	96.710	0.353	1.862	0.537	0.930
263	0.186	2.698	15.931	1.921	0.647	0.366	136.081	0.634	0.724	273	1774	145.923	0.426	1.770	0.565	0.898
264	0.078	18.861	15.839	1.090	0.362	0.274	166.737	0.826	0.398	2116	1795	167.196	0.284	1.322	0.756	0.947
265	0.167	29.981	15.966	1.632	0.559	0.381	132.515	0.790	0.584	3383	1785	128.254	0.408	1.465	0.683	0.944
266	0.080	18.117	15.935	1.161	0.408	0.250	82.844	0.746	0.437	2045	1832	81.870	0.256	1.632	0.613	0.939
267	0.151	4.622	15.929	1.714	0.644	0.299	17.410	0.647	0.698	485	1819	16.144	0.322	2.154	0.464	0.913
268	0.135	1.322	15.976	1.515	0.482	0.356	176.732	0.739	0.543	122	1819	7.472	0.390	1.354	0.739	0.903
269	0.108	16.967	15.924	1.398	0.539	0.254	21.136	0.693	0.572	1894	1820	19.832	0.273	2.120	0.472	0.931
270	0.097	30.475	15.973	1.213	0.415	0.299	79.430	0.832	0.433	3451	1836	73.413	0.317	1.388	0.720	0.947
271	0.100	15.952	16.009	1.253	0.436	0.293	110.495	0.803	0.472	1800	1790	110.807	0.312	1.490	0.671	0.937
272	0.194	14.246	16.179	1.923	0.695	0.355	103.769	0.659	0.756	1600	1798	106.955	0.393	1.954	0.512	0.931
273	0.114	15.124	16.030	1.496	0.573	0.254	167.298	0.642	0.603	1683	1811	164.745	0.289	2.256	0.443	0.900
274	0.348	28.602	16.417	2.696	1.000	0.442	118.104	0.601	1.083	3220	1800	113.015	0.506	2.260	0.442	0.890
275	0.069	31.544	16.159	1.333	0.436	0.203	160.310	0.491	0.477	3553	1821	152.488	0.259	2.151	0.465	0.817
276	0.003	13.515	16.141	0.178	0.062	0.053	9.053	1.000	0.067	1529	1829	156.801	0.053	1.183	0.846	0.904
277	0.093	12.288	16.372	1.196	0.429	0.276	166.961	0.818	0.433	1369	1849	159.717	0.284	1.552	0.644	0.950
278	0.116	13.319	16.403	1.453	0.555	0.266	154.915	0.691	0.580	1478	1850	160.463	0.285	2.084	0.480	0.923
279	0.031	27.545	16.386	0.717	0.275	0.144	81.586	0.759	0.283	3122	1874	84.644	0.156	1.910	0.523	0.925
280	4.667E-4	31.645	16.277	0.080	0.026	0.023	153.435	0.916	0.032	3587	1844	123.690	0.026	1.124	0.890	0.800
281	0.003	30.911	16.355	0.188	0.074	0.046	6.100	0.941	0.075	3501	1853	159.444	0.044	1.624	0.616	0.919
282	0.027	26.739	16.435	0.624	0.207	0.166	56.563	0.871	0.223	3025	1875	56.310	0.176	1.249	0.801	0.934
283	0.122	11.346	16.520	1.475	0.554	0.279	5.550	0.703	0.575	1251	1874	175.601	0.300	1.983	0.504	0.945
284	0.029	26.088	16.487	0.683	0.234	0.160	127.243	0.789	0.260	2950	1856	118.301	0.168	1.466	0.682	0.910
285	2.333E-4	15.700	16.388	0.050	0.021	0.014	45.000	1.000	0.025	1779	1859	45.000	0.018	1.464	0.683	0.857
286	0.169	9.717	16.654	1.754	0.640	0.337	145.308	0.692	0.667	1070	1869	154.113	0.364	1.898	0.527	0.913
287	0.109	10.569	16.578	1.347	0.482	0.289	165.503	0.758	0.510	1171	1869	161.878	0.304	1.670	0.599	0.933
288	9.333E-4	3.078	16.457	0.100	0.034	0.034	0.000	1.000	0.039	348	1864	116.565	0.035	1.000	1.000	0.857
289	0.060	25.252	16.623	1.072	0.426	0.180	141.797	0.660	0.433	2847	1866	129.207	0.193	2.366	0.423	0.901
290	0.136	8.554	16.592	1.827	0.795	0.218	178.711	0.513	0.787	927	1876	176.143	0.229	3.638	0.275	0.915
291	0.291	2.701	16.916	2.272	0.769	0.482	86.020	0.709	0.811	291	1962	78.079	0.504	1.597	0.626	0.935
292	0.003	23.645	16.554	0.220	0.088	0.048	20.795	0.867	0.095	2676	1879	21.801	0.053	1.827	0.547	0.887
293	0.163	7.342	16.796	1.803	0.616	0.337	1.192	0.630	0.691	790	1909	5.128	0.397	1.827	0.547	0.885
294	0.145	6.494	16.824	1.524	0.457	0.403	140.270	0.784	0.510	707	1897	149.886	0.443	1.133	0.882	0.947
295	0.067	24.514	16.752	1.030	0.369	0.230	19.816	0.789	0.369	2759	1905	21.038	0.232	1.606	0.622	0.932
296	0.186	3.618	16.946	1.903	0.535	0.443	60.092	0.646	0.619	380	1936	40.956	0.473	1.209	0.827	0.886
297	0.099	5.384	16.792	1.397	0.535	0.237	167.402	0.640	0.580	578	1898	163.217	0.263	2.259	0.443	0.906
298	3.111E-4	3.902	16.688	0.062	0.024	0.016	0.000	1.000	0.028	441	1892	161.565	0.018	1.468	0.681	0.800
299	0.001	16.312	16.698	0.135	0.046	0.039	11.199	0.965	0.051	1847	1892	149.036	0.043	1.197	0.835	0.837
300	0.087	22.852	16.880	1.192	0.392	0.283	1.740	0.768	0.427	2566	1913	172.875	0.296	1.386	0.722	0.928
301	0.032	23.648	16.864	0.714	0.252	0.161	68.363	0.787	0.265	2676	1927	60.018	0.162	1.562	0.640	0.932
302	0.106	4.352	16.962	1.330	0.447	0.302	47.796	0.751	0.478	470	1943	37.504	0.336	1.481	0.675	0.909
303	0.107	21.721	16.954	1.264	0.406	0.336	165.124	0.843	0.419	2438	1922	165.379	0.352	1.208	0.828	0.947
304	0.100	18.907	17.037	1.300	0.474	0.268	89.916	0.741	0.498	2140	1960	82.875	0.282	1.771	0.565	0.922
305	0.111	16.318	17.086	1.548	0.612	0.231	116.015	0.582	0.643	1833	1906	115.159	0.268	2.653	0.377	0.870
306	0.081	18.107	17.055	1.324	0.565	0.182	55.609	0.577	0.547	2034	1958	52.206	0.206	3.110	0.322	0.876
307	0.007	15.180	16.869	0.323	0.113	0.075	44.504	0.806	0.125	1717	1918	50.711	0.086	1.511	0.662	0.873
308	0.095	17.209	17.010	1.333	0.487	0.247	126.867	0.668	0.508	1929	1909	128.660	0.277	1.972	0.507	0.875
309	0.081	19.648	17.056	1.121	0.387	0.267	165.772	0.811	0.406	2207	1924	152.879	0.276	1.449	0.690	0.931
310	7.778E-4	6.200	16.936	0.092	0.036	0.027	2.596E-14	1.000	0.039	701	1919	153.435	0.026	1.327	0.753	0.909
311	7.000E-4	6.830	16.946	0.085	0.030	0.030	0.000	1.000	0.037	773	1920	135.000	0.026	1.000	1.000	1.000
312	0.110	20.619	17.075	1.466	0.558	0.251	11.930	0.642	0.586	2307	1945	12.155	0.275	2.226	0.449	0.916
313	0.106	1.358	17.114	1.315	0.506	0.268	171.010	0.773	0.500	125	1933	159.326	0.271	1.890	0.529	0.960
314	0.002	16.661	17.025	0.160	0.059	0.046	0.000	1.000	0.064	1886	1929	164.055	0.044	1.286	0.777	0.900
315	0.061	14.318	17.319	1.062	0.365	0.212	84.262	0.677	0.413	1621	1988	78.930	0.248	1.720	0.581	0.884
316	0.098	15.139	17.344	1.423	0.541	0.231	168.154	0.609	0.574	1686	1960	169.380	0.268	2.346	0.426	0.888
317	0.079	31.128	17.387	1.140	0.440	0.229	157.032	0.764	0.454	3509	1957	150.945	0.245	1.923	0.520	0.945
318	0.147	13.392	17.468	1.576	0.589	0.317	12.512	0.741	0.606	1487	1984	8.366	0.340	1.860	0.538	0.944
319	9.333E-4	22.771	17.409	0.100	0.034	0.034	0.000	1.000	0.039	2581	1972	116.565	0.035	1.000	1.000	0.857
320	0.104	27.574	17.586	1.290	0.467	0.283	149.338	0.784	0.482	3106	1976	145.437	0.295	1.650	0.606	0.941
321	0.049	9.991	17.575	0.981	0.400	0.157	37.402	0.643	0.404	1114	2004	36.119	0.171	2.556	0.391	0.908
322	0.111	28.480	17.696	1.426	0.535	0.263	124.135	0.684	0.587	3209	1980	125.838	0.291	2.034	0.492	0.922
323	0.098	30.131	17.603	1.294	0.440	0.285	166.894	0.737	0.467	3389	1992	157.797	0.293	1.545	0.647	0.940
324	0.082	7.216	17.643	1.160	0.417	0.250	56.833	0.763	0.448	803	2023	57.875	0.268	1.671	0.598	0.942
325	6.222E-4	5.172	17.488	0.092	0.031	0.026	90.000	0.914	0.036	586	1981	104.036	0.026	1.195	0.837	0.800
326	0.131	26.594	17.699	1.419	0.462	0.362	75.178	0.819	0.482	3006	2033	55.437	0.372	1.277	0.783	0.935
327	0.096	8.337	17.691	1.378	0.517	0.237	154.623	0.636	0.536	924	1987	147.095	0.276	2.185	0.458	0.883
328	0.060	29.177	17.647	0.948	0.312	0.243	115.302	0.832	0.338	3299	1984	123.275	0.253	1.282	0.780	0.938
329	0.217	6.138	17.874	2.059	0.809	0.342	130.707	0.644	0.849	666	1986	132.474	0.362	2.366	0.423	0.928
330	0.170	5.159	17.831	1.644	0.574	0.378	74.683	0.792	0.595	573	2052	74.521	0.389	1.517	0.659	0.947
331	0.131	12.380	17.681	1.444	0.523	0.319	176.489	0.789	0.540	1374	1993	168.690	0.326	1.637	0.611	0.946
332	0.082	11.397	17.718	1.153	0.428	0.243	128.993	0.773	0.451	1274	1990	130.236	0.264	1.762	0.568	0.942
333	0.102	25.791	17.687	1.323	0.488	0.265	167.869	0.730	0.505	2896	1999	163.780	0.291	1.840	0.543	0.927
334	0.080	10.789	17.795	1.104	0.403	0.253	103.758	0.826	0.415	1215	1996	113.839	0.265	1.597	0.626	0.952
335	0.185	3.933	17.832	1.688	0.588	0.401	19.273	0.816	0.595	419	2042	32.276	0.395	1.465	0.683	0.953
336	0.110	24.986	17.788	1.327	0.464	0.302	170.164	0.786	0.498	2807	2008	157.068	0.324	1.536	0.651	0.940
337	0.107	9.408	17.795	1.391	0.545	0.250	24.475	0.694	0.564	1040	2033	24.963	0.272	2.179	0.459	0.944
338	2.333E-4	29.722	17.658	0.050	0.021	0.014	45.000	1.000	0.025	3369	2003	45.000	0.018	1.464	0.683	0.857
339	0.076	24.191	17.797	1.133	0.427	0.227	149.511	0.745	0.445	2720	2006	146.310	0.240	1.887	0.530	0.935
340	0.069	23.461	17.915	1.075	0.374	0.236	115.597	0.754	0.401	2650	2012	123.341	0.255	1.584	0.631	0.923
341	0.110	2.650	17.953	1.467	0.534	0.262	160.493	0.641	0.542	279	2014	142.943	0.292	2.036	0.491	0.898
342	0.209	22.793	18.051	1.920	0.665	0.399	77.837	0.711	0.695	2579	2088	74.554	0.412	1.664	0.601	0.926
343	0.067	1.335	17.899	1.030	0.348	0.247	158.975	0.798	0.375	135	2016	150.422	0.256	1.410	0.709	0.934
344	0.007	10.210	17.838	0.311	0.118	0.072	168.452	0.872	0.123	1151	2020	158.962	0.079	1.622	0.616	0.896
345	7.778E-4	31.014	17.859	0.092	0.036	0.027	90.000	1.000	0.039	3516	2023	116.565	0.026	1.327	0.753	0.909
346	0.083	21.887	18.088	1.223	0.445	0.236	95.866	0.694	0.471	2477	2026	97.524	0.251	1.883	0.531	0.915
347	0.077	20.210	18.058	1.138	0.407	0.241	125.448	0.747	0.450	2277	2029	124.624	0.267	1.689	0.592	0.930
348	2.333E-4	10.067	18.013	0.060	0.030	0.010	90.000	0.809	0.028	1141	2041	108.435	0.009	3.000	0.333	1.000
349	0.042	21.009	18.117	0.809	0.263	0.206	176.532	0.814	0.282	2366	2055	14.470	0.219	1.277	0.783	0.911
350	0.133	19.260	18.238	1.472	0.471	0.358	178.791	0.770	0.525	2155	2056	163.393	0.362	1.316	0.760	0.934
351	3.111E-4	25.869	18.084	0.068	0.024	0.016	90.000	0.857	0.028	2933	2049	108.435	0.018	1.468	0.681	0.800
352	0.111	17.822	18.299	1.331	0.453	0.312	150.290	0.787	0.502	1998	2059	149.381	0.336	1.450	0.690	0.939
353	0.184	13.638	18.474	1.787	0.704	0.332	93.908	0.723	0.685	1541	2133	82.600	0.335	2.116	0.473	0.943
354	7.000E-4	6.963	18.154	0.085	0.030	0.030	0.000	1.000	0.037	788	2057	135.000	0.026	1.000	1.000	1.000
355	0.129	16.994	18.372	1.429	0.507	0.323	133.537	0.793	0.518	1904	2067	135.690	0.324	1.569	0.637	0.948
356	0.169	12.724	18.379	1.804	0.710	0.304	165.931	0.654	0.692	1404	2070	162.951	0.330	2.340	0.427	0.905
357	0.061	18.560	18.392	0.972	0.322	0.242	127.696	0.812	0.338	2087	2075	146.725	0.251	1.330	0.752	0.921
358	9.333E-4	15.664	18.282	0.105	0.039	0.030	37.238	1.000	0.044	1774	2074	36.870	0.035	1.281	0.781	0.857
359	0.178	14.617	18.486	1.793	0.692	0.328	162.398	0.696	0.699	1624	2078	155.376	0.351	2.114	0.473	0.945
360	0.002	20.948	18.335	0.160	0.053	0.052	90.000	1.000	0.059	2374	2076	116.565	0.053	1.018	0.982	0.903
361	0.086	15.607	18.510	1.260	0.435	0.251	130.756	0.679	0.487	1757	2077	125.417	0.280	1.736	0.576	0.903
362	0.061	16.346	18.449	0.972	0.341	0.228	12.994	0.811	0.346	1835	2088	174.144	0.233	1.497	0.668	0.937
363	5.444E-4	29.176	18.481	0.075	0.027	0.025	90.000	1.000	0.032	3307	2094	123.690	0.026	1.069	0.936	0.875
364	0.196	6.070	18.763	2.081	0.851	0.294	150.706	0.570	0.869	643	2109	150.832	0.316	2.898	0.345	0.912
365	0.150	11.663	18.760	1.524	0.472	0.404	99.429	0.810	0.500	1310	2153	69.326	0.415	1.169	0.855	0.936
366	0.093	8.187	18.687	1.262	0.458	0.258	147.614	0.731	0.499	903	2105	144.345	0.281	1.777	0.563	0.927
367	0.086	10.115	18.746	1.154	0.386	0.284	93.934	0.814	0.392	1139	2147	82.235	0.289	1.359	0.736	0.943
368	0.144	9.086	18.741	1.645	0.569	0.323	6.179	0.670	0.641	994	2128	7.907	0.373	1.763	0.567	0.896
369	0.125	10.743	18.732	1.509	0.554	0.288	2.461	0.692	0.568	1185	2129	6.242	0.309	1.925	0.519	0.917
370	0.116	7.286	18.800	1.352	0.437	0.338	54.868	0.797	0.470	821	2157	66.801	0.358	1.291	0.775	0.934
371	0.099	2.529	18.894	1.325	0.455	0.276	151.198	0.705	0.482	267	2122	149.216	0.298	1.650	0.606	0.912
372	0.129	1.327	18.919	1.475	0.519	0.316	143.367	0.744	0.572	121	2135	155.410	0.344	1.641	0.609	0.929
373	0.044	31.177	18.856	0.869	0.324	0.173	166.894	0.732	0.334	3516	2134	167.800	0.182	1.869	0.535	0.914
374	0.070	29.600	18.869	1.056	0.400	0.224	179.568	0.793	0.402	3336	2133	164.745	0.220	1.788	0.559	0.952
375	0.163	4.629	19.011	1.718	0.678	0.306	165.647	0.695	0.672	487	2146	166.329	0.311	2.213	0.452	0.935
376	0.100	3.582	18.989	1.302	0.479	0.266	164.769	0.742	0.507	379	2146	166.931	0.277	1.799	0.556	0.926
377	0.078	30.528	18.970	1.117	0.410	0.241	170.717	0.782	0.404	3444	2137	148.392	0.240	1.698	0.589	0.944
378	0.088	28.790	18.997	1.220	0.458	0.245	173.892	0.743	0.488	3236	2154	173.774	0.256	1.869	0.535	0.934
379	0.065	27.911	19.150	0.990	0.341	0.244	158.752	0.836	0.364	3147	2165	157.166	0.265	1.398	0.716	0.930
380	6.222E-4	16.233	19.073	0.080	0.031	0.025	45.000	1.000	0.037	1839	2164	45.000	0.026	1.229	0.814	0.941
381	0.053	26.973	19.206	0.918	0.303	0.224	157.877	0.795	0.339	3039	2174	171.027	0.243	1.352	0.739	0.903
382	0.088	19.685	19.221	1.249	0.476	0.234	167.264	0.705	0.499	2204	2176	162.525	0.247	2.029	0.493	0.936
383	0.089	23.489	19.221	1.246	0.490	0.232	9.469	0.723	0.505	2636	2185	12.095	0.246	2.114	0.473	0.931
384	0.035	25.241	19.252	0.730	0.250	0.180	160.175	0.836	0.262	2851	2174	147.381	0.185	1.387	0.721	0.943
385	0.103	26.154	19.292	1.370	0.545	0.241	2.969	0.690	0.560	2935	2191	7.237	0.256	2.263	0.442	0.945
386	0.106	24.451	19.337	1.600	0.618	0.219	16.567	0.521	0.694	2739	2203	17.745	0.254	2.821	0.354	0.872
387	0.106	21.450	19.588	1.397	0.509	0.264	89.455	0.680	0.554	2431	2254	80.838	0.273	1.928	0.519	0.922
388	0.060	22.416	19.473	0.940	0.287	0.265	52.946	0.848	0.313	2526	2215	21.501	0.272	1.084	0.923	0.927
389	0.081	13.898	19.565	1.169	0.393	0.263	134.164	0.747	0.411	1572	2197	112.714	0.281	1.492	0.670	0.912
390	0.089	20.657	19.592	1.151	0.376	0.301	130.529	0.844	0.390	2336	2202	108.435	0.299	1.249	0.800	0.937
391	0.001	24.863	19.478	0.133	0.058	0.029	4.308	0.941	0.059	2816	2210	26.565	0.026	1.977	0.506	0.971
392	0.102	18.513	19.664	1.295	0.459	0.283	160.160	0.766	0.469	2072	2226	160.201	0.299	1.619	0.618	0.927
393	0.069	14.752	19.713	1.045	0.371	0.236	64.157	0.793	0.395	1662	2255	60.573	0.264	1.570	0.637	0.922
394	0.195	17.329	19.773	2.143	0.807	0.308	16.873	0.535	0.883	1912	2249	14.452	0.368	2.620	0.382	0.862
395	0.057	11.045	19.736	0.969	0.354	0.204	64.246	0.758	0.364	1249	2257	75.964	0.217	1.733	0.577	0.911
396	0.072	15.566	19.778	1.016	0.333	0.276	108.773	0.879	0.356	1754	2225	113.385	0.273	1.209	0.827	0.956
397	0.004	27.990	19.734	0.225	0.074	0.068	59.345	0.981	0.083	3172	2242	57.995	0.071	1.082	0.924	0.919
398	0.102	31.051	19.861	1.246	0.401	0.324	175.517	0.827	0.421	3499	2242	160.427	0.335	1.238	0.808	0.955
399	0.094	11.684	19.870	1.275	0.447	0.267	151.519	0.724	0.463	1300	2240	162.255	0.281	1.674	0.597	0.915
400	0.088	6.368	19.863	1.248	0.498	0.226	156.946	0.712	0.501	697	2239	153.886	0.241	2.209	0.453	0.933
401	0.078	9.629	19.876	1.141	0.397	0.249	146.697	0.748	0.451	1072	2237	139.764	0.278	1.598	0.626	0.926
402	0.071	13.068	19.881	1.029	0.335	0.271	178.834	0.844	0.357	1461	2253	171.469	0.290	1.238	0.808	0.933
403	0.093	12.417	19.924	1.187	0.429	0.275	17.725	0.826	0.443	1386	2273	31.159	0.291	1.561	0.641	0.957
404	0.064	7.151	19.934	1.004	0.313	0.260	139.020	0.795	0.345	802	2243	122.471	0.278	1.203	0.831	0.913
405	0.086	7.866	20.010	1.155	0.384	0.287	87.359	0.814	0.407	887	2247	102.529	0.294	1.337	0.748	0.936
406	0.081	10.412	19.957	1.151	0.439	0.236	6.649	0.771	0.448	1155	2267	10.204	0.253	1.861	0.537	0.941
407	0.053	16.345	19.918	0.982	0.377	0.179	1.592	0.691	0.399	1832	2261	6.340	0.194	2.102	0.476	0.918
408	0.002	29.853	19.862	0.142	0.052	0.040	3.709	1.000	0.056	3382	2251	161.565	0.044	1.282	0.780	0.857
409	0.108	4.689	20.031	1.408	0.543	0.253	155.485	0.683	0.562	502	2259	157.865	0.263	2.147	0.466	0.930
410	0.072	5.443	20.037	1.041	0.344	0.268	107.643	0.840	0.371	607	2253	118.393	0.282	1.283	0.779	0.947
411	0.088	3.801	20.101	1.238	0.455	0.246	109.146	0.720	0.469	420	2257	118.009	0.265	1.853	0.540	0.922
412	0.057	2.093	20.009	1.032	0.373	0.196	169.069	0.676	0.411	216	2259	165.069	0.222	1.902	0.526	0.904
413	0.071	2.774	20.012	1.046	0.381	0.239	163.928	0.821	0.393	293	2261	160.346	0.244	1.596	0.626	0.952
414	0.001	27.345	19.959	0.130	0.041	0.038	60.767	0.927	0.047	3099	2261	111.801	0.043	1.076	0.929	0.821
415	0.064	8.604	20.075	1.002	0.343	0.238	176.332	0.802	0.372	955	2274	166.293	0.238	1.442	0.694	0.931
416	0.067	25.526	20.126	1.027	0.346	0.245	106.811	0.793	0.346	2881	2267	142.253	0.262	1.413	0.707	0.926
417	0.069	29.453	20.057	1.186	0.459	0.191	173.112	0.616	0.493	3313	2267	169.695	0.211	2.405	0.416	0.895
418	0.111	1.315	20.108	1.421	0.541	0.262	7.898	0.692	0.583	117	2287	10.460	0.282	2.066	0.484	0.938
419	0.094	28.108	20.125	1.212	0.428	0.279	147.730	0.802	0.446	3163	2269	150.396	0.291	1.538	0.650	0.935
420	2.333E-4	30.548	19.974	0.050	0.021	0.014	45.000	1.000	0.025	3463	2266	45.000	0.018	1.464	0.683	0.857
421	0.065	26.976	20.147	1.027	0.395	0.210	131.484	0.774	0.412	3043	2267	131.532	0.225	1.880	0.532	0.946
422	0.053	26.282	20.148	0.898	0.319	0.210	0.538	0.819	0.327	2962	2279	165.964	0.212	1.518	0.659	0.946
423	0.066	24.519	20.274	0.980	0.295	0.283	136.314	0.857	0.323	2766	2287	145.008	0.282	1.043	0.959	0.947
424	7.778E-5	29.928	20.165	0.025	0.010	0.010	0.000	1.000	0.012	3393	2286	135.000	0.009	1.000	1.000	1.000
425	0.110	23.492	20.378	1.413	0.522	0.269	166.489	0.695	0.540	2633	2312	4.686	0.283	1.938	0.516	0.911
426	0.004	30.170	20.307	0.263	0.116	0.040	151.025	0.665	0.120	3415	2299	143.973	0.047	2.867	0.349	0.839
427	0.154	22.380	20.479	1.611	0.608	0.323	162.967	0.747	0.619	2502	2315	162.597	0.344	1.879	0.532	0.949
428	0.048	20.461	20.479	0.837	0.289	0.209	111.257	0.852	0.312	2312	2306	118.740	0.220	1.383	0.723	0.942
429	0.083	21.321	20.534	1.321	0.502	0.211	178.034	0.600	0.549	2387	2334	4.611	0.238	2.374	0.421	0.905
430	0.126	19.426	20.606	1.718	0.614	0.262	7.792	0.537	0.628	2166	2341	10.521	0.281	2.347	0.426	0.920
431	0.126	2.233	20.718	1.383	0.475	0.339	77.504	0.830	0.500	246	2375	69.326	0.361	1.401	0.714	0.956
432	0.127	3.090	20.660	1.583	0.637	0.254	21.355	0.637	0.636	319	2359	29.055	0.278	2.505	0.399	0.914
433	0.114	18.201	20.623	1.447	0.565	0.258	2.048	0.687	0.566	2031	2343	10.784	0.273	2.191	0.456	0.932
434	0.136	1.430	20.795	1.635	0.563	0.308	5.551	0.640	0.586	129	2352	167.845	0.332	1.828	0.547	0.905
435	0.072	14.254	20.866	1.171	0.478	0.191	76.139	0.657	0.460	1607	2390	69.829	0.197	2.500	0.400	0.920
436	0.035	30.741	20.763	0.752	0.253	0.175	44.027	0.773	0.276	3473	2366	39.806	0.196	1.444	0.692	0.909
437	0.094	12.258	20.841	1.315	0.492	0.243	49.657	0.681	0.508	1375	2387	51.340	0.268	2.025	0.494	0.898
438	0.072	16.855	20.779	1.142	0.433	0.213	159.793	0.698	0.463	1885	2348	158.806	0.247	2.033	0.492	0.917
439	0.117	30.056	20.917	1.397	0.456	0.328	126.391	0.756	0.504	3392	2350	126.469	0.359	1.393	0.718	0.911
440	0.075	29.456	20.869	1.113	0.383	0.247	140.850	0.756	0.422	3323	2348	127.349	0.263	1.549	0.646	0.928
441	0.114	10.661	20.931	1.294	0.406	0.357	52.552	0.854	0.438	1196	2394	55.670	0.376	1.138	0.879	0.942
442	0.098	13.292	20.866	1.301	0.477	0.263	168.094	0.730	0.486	1478	2357	168.486	0.276	1.816	0.551	0.930
443	0.090	15.135	20.880	1.258	0.446	0.256	10.013	0.712	0.474	1689	2378	18.435	0.282	1.738	0.575	0.910
444	0.093	16.061	20.858	1.314	0.520	0.227	9.964	0.676	0.547	1790	2370	10.222	0.237	2.286	0.437	0.940
445	0.135	4.127	20.941	1.532	0.510	0.338	26.983	0.724	0.554	443	2385	22.479	0.360	1.509	0.663	0.922
446	0.177	8.776	20.950	1.878	0.715	0.315	5.524	0.632	0.749	955	2389	12.236	0.365	2.267	0.441	0.903
447	0.111	6.189	20.974	1.537	0.605	0.234	28.864	0.593	0.643	670	2395	33.254	0.269	2.582	0.387	0.913
448	0.154	9.904	20.990	1.667	0.566	0.347	134.302	0.697	0.643	1094	2355	132.221	0.374	1.634	0.612	0.914
449	0.071	28.691	20.881	1.080	0.397	0.227	171.114	0.762	0.422	3231	2364	164.219	0.238	1.753	0.570	0.932
450	0.095	4.868	21.056	1.348	0.533	0.228	113.188	0.660	0.524	536	2362	122.619	0.237	2.342	0.427	0.910
451	0.062	11.229	21.004	0.977	0.319	0.247	50.204	0.815	0.349	1262	2398	42.955	0.260	1.294	0.773	0.933
452	0.123	23.735	21.122	1.367	0.482	0.323	70.004	0.825	0.495	2679	2420	58.861	0.334	1.492	0.670	0.951
453	0.090	27.796	21.117	1.208	0.435	0.264	19.908	0.777	0.446	3127	2405	29.604	0.270	1.652	0.605	0.936
454	0.122	26.306	21.176	1.421	0.539	0.289	149.509	0.761	0.549	2955	2385	150.141	0.306	1.863	0.537	0.936
455	0.106	24.371	21.155	1.401	0.511	0.265	178.749	0.681	0.556	2732	2402	2.726	0.291	1.926	0.519	0.914
456	0.143	7.307	21.209	1.604	0.614	0.296	23.066	0.697	0.608	799	2419	23.962	0.313	2.074	0.482	0.931
457	0.074	25.361	21.157	1.167	0.425	0.221	19.907	0.681	0.471	2849	2404	17.418	0.232	1.924	0.520	0.916
458	0.092	27.052	21.199	1.212	0.411	0.287	140.573	0.791	0.456	3049	2387	138.918	0.316	1.434	0.698	0.930
459	0.004	2.840	21.136	0.215	0.079	0.060	156.849	1.000	0.087	318	2394	156.038	0.062	1.318	0.759	0.906
460	0.082	21.476	21.303	1.245	0.498	0.209	23.139	0.664	0.500	2409	2428	20.674	0.229	2.380	0.420	0.907
461	0.082	22.552	21.335	1.138	0.369	0.283	129.224	0.795	0.395	2536	2408	141.340	0.309	1.304	0.767	0.922
462	0.126	2.963	21.491	1.630	0.653	0.246	34.222	0.598	0.648	307	2455	29.358	0.276	2.655	0.377	0.885
463	0.079	19.484	21.431	1.248	0.459	0.219	21.480	0.635	0.501	2183	2443	28.369	0.251	2.099	0.476	0.894
464	6.222E-4	28.148	21.328	0.080	0.031	0.025	135.000	1.000	0.037	3190	2417	135.000	0.026	1.229	0.814	0.941
465	0.092	7.963	21.498	1.316	0.396	0.295	12.151	0.667	0.464	879	2426	171.254	0.335	1.343	0.745	0.912
466	0.085	20.340	21.482	1.240	0.486	0.222	7.410	0.692	0.501	2280	2443	14.281	0.229	2.196	0.455	0.943
467	0.069	27.676	21.480	1.204	0.478	0.184	0.922	0.599	0.488	3111	2431	173.774	0.210	2.594	0.386	0.898
468	0.134	18.221	21.653	1.590	0.634	0.269	130.534	0.666	0.636	2042	2426	133.877	0.293	2.355	0.425	0.924
469	0.053	16.185	21.647	1.080	0.404	0.168	99.564	0.573	0.425	1829	2432	94.764	0.195	2.409	0.415	0.812
470	0.084	28.666	21.663	1.190	0.434	0.248	102.595	0.749	0.451	3249	2432	94.485	0.268	1.751	0.571	0.925
471	0.095	15.475	21.644	1.323	0.498	0.242	38.441	0.680	0.525	1732	2473	40.914	0.269	2.060	0.486	0.912
472	0.006	30.449	21.531	0.280	0.097	0.083	104.517	1.000	0.103	3451	2436	109.983	0.079	1.167	0.857	0.931
473	0.157	1.080	21.731	1.598	0.555	0.359	4.574	0.771	0.600	88	2465	1.685	0.377	1.546	0.647	0.928
474	0.124	13.147	21.742	1.482	0.548	0.289	4.360	0.710	0.565	1460	2465	2.684	0.305	1.897	0.527	0.932
475	0.091	17.125	21.707	1.242	0.462	0.250	3.002	0.740	0.463	1915	2465	7.667	0.256	1.848	0.541	0.938
476	0.064	9.557	21.733	1.070	0.399	0.205	158.979	0.705	0.430	1059	2454	151.858	0.232	1.950	0.513	0.924
477	0.050	30.713	21.749	0.838	0.282	0.223	105.141	0.887	0.304	3471	2453	119.539	0.220	1.264	0.791	0.966
478	0.001	28.409	21.650	0.110	0.038	0.034	149.036	1.000	0.044	3220	2453	126.870	0.035	1.093	0.915	0.897
479	0.128	14.354	21.826	1.642	0.600	0.272	164.903	0.598	0.645	1595	2463	163.301	0.314	2.206	0.453	0.881
480	0.125	4.964	21.877	1.450	0.424	0.375	91.485	0.746	0.483	562	2509	75.203	0.414	1.130	0.885	0.929
481	0.115	30.144	21.917	1.429	0.533	0.274	115.668	0.706	0.534	3404	2456	120.801	0.288	1.944	0.514	0.918
482	0.087	1.987	21.791	1.298	0.494	0.223	3.846	0.646	0.499	197	2467	171.870	0.254	2.215	0.451	0.893
483	0.085	11.996	21.873	1.156	0.408	0.266	121.240	0.801	0.416	1349	2460	126.384	0.276	1.533	0.652	0.934
484	0.089	26.966	21.830	1.229	0.475	0.240	172.907	0.743	0.471	3032	2470	167.005	0.239	1.984	0.504	0.937
485	0.106	25.963	21.966	1.311	0.426	0.317	71.298	0.776	0.470	2928	2512	66.801	0.338	1.342	0.745	0.933
486	0.103	3.970	21.955	1.330	0.466	0.283	137.207	0.734	0.500	427	2470	137.862	0.303	1.648	0.607	0.916
487	0.003	25.367	21.798	0.180	0.061	0.057	134.997	1.000	0.067	2875	2468	113.199	0.062	1.066	0.938	0.875
488	3.111E-4	27.434	21.779	0.068	0.024	0.016	90.000	0.857	0.028	3110	2468	108.435	0.018	1.468	0.681	0.800
489	0.071	29.216	21.974	1.197	0.482	0.189	116.470	0.627	0.493	3298	2469	118.856	0.205	2.549	0.392	0.915
490	0.091	6.353	21.935	1.170	0.407	0.283	177.458	0.832	0.420	699	2482	170.340	0.300	1.437	0.696	0.947
491	0.108	8.789	21.973	1.339	0.492	0.279	22.861	0.757	0.514	968	2505	30.964	0.304	1.764	0.567	0.941
492	0.006	2.426	21.969	0.280	0.094	0.081	130.993	0.957	0.101	271	2487	127.875	0.087	1.152	0.868	0.911
493	0.056	24.508	22.041	0.955	0.326	0.219	177.663	0.772	0.349	2760	2504	16.144	0.229	1.487	0.672	0.920
494	0.044	25.336	22.050	0.817	0.288	0.194	27.802	0.827	0.306	2858	2509	33.232	0.208	1.485	0.674	0.945
495	0.070	28.172	22.115	1.013	0.335	0.268	136.793	0.864	0.356	3180	2494	133.995	0.281	1.253	0.798	0.948
496	0.082	22.981	22.167	1.181	0.444	0.236	30.851	0.743	0.464	2586	2529	38.830	0.250	1.879	0.532	0.933
497	0.092	18.978	22.195	1.188	0.407	0.288	32.004	0.820	0.436	2130	2530	31.759	0.318	1.411	0.709	0.945
498	0.009	24.021	22.064	0.358	0.135	0.086	10.745	0.891	0.139	2716	2504	18.435	0.088	1.563	0.640	0.925
499	0.099	22.207	22.294	1.340	0.481	0.261	91.581	0.689	0.477	2512	2500	109.440	0.269	1.848	0.541	0.916
500	0.097	21.318	22.295	1.385	0.520	0.237	137.574	0.634	0.557	2394	2504	139.497	0.263	2.201	0.454	0.894
501	0.097	19.933	22.263	1.300	0.483	0.256	24.176	0.721	0.501	2235	2532	23.860	0.270	1.886	0.530	0.926
502	0.048	25.515	22.234	0.861	0.273	0.226	47.713	0.821	0.288	2884	2535	40.030	0.228	1.205	0.830	0.923
503	0.083	27.416	22.268	1.240	0.487	0.217	150.047	0.678	0.507	3082	2512	148.523	0.236	2.243	0.446	0.931
504	0.053	23.928	22.239	0.971	0.347	0.195	166.656	0.710	0.351	2693	2516	162.474	0.220	1.776	0.563	0.890
505	0.057	10.598	22.261	0.924	0.315	0.228	13.424	0.832	0.342	1182	2525	11.889	0.238	1.381	0.724	0.950
506	0.157	17.551	22.353	1.591	0.549	0.364	10.443	0.779	0.558	1959	2543	21.297	0.375	1.506	0.664	0.939
507	0.105	15.522	22.318	1.375	0.491	0.271	5.350	0.696	0.505	1736	2536	6.009	0.293	1.811	0.552	0.940
508	0.094	5.889	22.436	1.236	0.439	0.273	104.035	0.776	0.453	658	2520	103.496	0.288	1.608	0.622	0.923
509	0.074	9.356	22.470	1.237	0.490	0.193	42.448	0.610	0.508	1042	2570	51.340	0.203	2.535	0.394	0.883
510	0.041	26.526	22.402	0.860	0.258	0.204	12.355	0.701	0.304	2991	2550	10.008	0.213	1.266	0.790	0.887
511	0.129	16.448	22.447	1.556	0.558	0.295	179.931	0.671	0.596	1830	2534	172.349	0.309	1.889	0.529	0.911
512	0.141	1.830	22.502	1.577	0.572	0.313	177.399	0.710	0.577	174	2547	173.853	0.326	1.829	0.547	0.930
513	0.001	27.078	22.369	0.130	0.047	0.038	38.474	1.000	0.051	3068	2538	30.964	0.043	1.257	0.795	0.857
514	0.082	28.721	22.549	1.187	0.430	0.243	136.252	0.731	0.451	3235	2544	139.764	0.262	1.772	0.564	0.913
515	0.080	30.389	22.538	1.123	0.411	0.248	49.655	0.799	0.433	3431	2576	50.793	0.266	1.657	0.603	0.938
516	0.124	12.788	22.539	1.499	0.556	0.283	19.440	0.692	0.593	1417	2568	14.657	0.298	1.962	0.510	0.930
517	0.057	30.917	22.532	0.899	0.314	0.232	115.714	0.888	0.324	3497	2538	112.380	0.242	1.358	0.736	0.945
518	0.072	7.921	22.535	1.113	0.338	0.273	169.895	0.733	0.396	877	2543	159.146	0.273	1.238	0.807	0.889
519	0.124	2.770	22.591	1.555	0.611	0.259	175.397	0.646	0.642	279	2552	167.300	0.282	2.357	0.424	0.917
520	0.094	24.766	22.635	1.194	0.392	0.305	133.142	0.827	0.418	2787	2555	145.305	0.308	1.284	0.779	0.936
521	0.005	22.631	22.525	0.255	0.097	0.061	59.934	0.898	0.103	2563	2559	59.036	0.067	1.576	0.634	0.902
522	0.081	14.661	22.630	1.171	0.432	0.239	17.471	0.743	0.450	1637	2573	23.051	0.249	1.806	0.554	0.931
523	0.009	23.135	22.548	0.346	0.118	0.094	8.902	0.915	0.126	2617	2560	24.775	0.097	1.262	0.792	0.914
524	0.003	24.120	22.529	0.197	0.062	0.059	20.005	0.928	0.071	2731	2554	172.875	0.062	1.062	0.941	0.831
525	0.005	27.387	22.593	0.290	0.120	0.053	124.704	0.756	0.123	3102	2556	120.256	0.063	2.251	0.444	0.828
526	7.000E-4	31.116	22.554	0.092	0.035	0.026	20.301	1.000	0.039	3526	2558	26.565	0.026	1.340	0.746	0.857
527	0.122	13.704	22.807	1.447	0.538	0.289	114.567	0.732	0.544	1543	2558	106.966	0.303	1.864	0.536	0.935
528	0.040	29.455	22.702	0.799	0.274	0.186	102.453	0.786	0.294	3338	2558	98.616	0.206	1.473	0.679	0.900
529	0.056	18.375	22.706	1.010	0.390	0.182	174.095	0.687	0.419	2059	2570	171.529	0.192	2.137	0.468	0.918
530	0.036	27.731	22.730	0.742	0.265	0.174	9.263	0.828	0.271	3131	2582	19.026	0.179	1.521	0.657	0.932
531	0.072	1.156	22.781	1.127	0.352	0.261	169.931	0.714	0.396	111	2578	159.146	0.256	1.350	0.741	0.898
532	0.082	11.384	22.759	1.290	0.544	0.192	178.340	0.619	0.523	1261	2576	174.193	0.208	2.837	0.352	0.920
533	0.003	23.015	22.687	0.185	0.064	0.054	33.985	1.000	0.071	2606	2574	29.745	0.059	1.172	0.854	0.864
534	0.061	4.260	22.810	1.059	0.417	0.186	38.253	0.684	0.443	461	2601	35.272	0.205	2.239	0.447	0.921
535	0.132	20.757	22.975	1.467	0.512	0.328	100.099	0.770	0.537	2345	2573	113.199	0.348	1.561	0.640	0.946
536	0.100	7.202	22.891	1.275	0.485	0.263	35.755	0.776	0.497	793	2609	37.073	0.275	1.843	0.543	0.950
537	0.064	5.307	22.907	1.047	0.309	0.265	50.668	0.737	0.340	584	2609	58.782	0.284	1.165	0.858	0.882
538	0.075	8.642	22.869	1.082	0.386	0.247	179.540	0.805	0.400	957	2597	7.595	0.265	1.561	0.640	0.946
539	0.062	18.973	22.868	1.031	0.341	0.231	44.673	0.731	0.382	2139	2609	49.686	0.262	1.478	0.677	0.913
540	0.066	22.811	22.921	0.995	0.367	0.228	160.924	0.836	0.377	2568	2590	159.444	0.245	1.607	0.622	0.954
541	0.152	27.119	22.987	1.627	0.557	0.348	145.599	0.722	0.593	3044	2591	149.621	0.394	1.603	0.624	0.904
542	0.085	19.955	22.958	1.221	0.480	0.225	0.955	0.714	0.486	2234	2600	175.840	0.238	2.136	0.468	0.931
543	0.073	17.575	23.049	1.101	0.395	0.236	136.302	0.760	0.413	1975	2595	146.310	0.247	1.671	0.598	0.925
544	0.083	26.376	23.056	1.214	0.448	0.236	23.148	0.708	0.460	2968	2630	36.431	0.247	1.903	0.525	0.907
545	0.116	3.369	23.217	1.480	0.603	0.245	74.300	0.666	0.600	371	2665	72.897	0.264	2.461	0.406	0.938
546	0.095	29.890	23.119	1.279	0.473	0.256	3.582	0.731	0.475	3362	2616	164.932	0.268	1.843	0.543	0.916
547	0.099	21.724	23.217	1.501	0.576	0.218	141.423	0.550	0.624	2438	2609	133.854	0.254	2.645	0.378	0.867
548	0.126	25.746	23.168	1.421	0.524	0.305	176.751	0.782	0.550	2889	2620	173.558	0.317	1.717	0.582	0.951
549	0.086	28.721	23.187	1.196	0.413	0.266	15.689	0.757	0.433	3232	2639	33.366	0.281	1.555	0.643	0.921
550	0.081	10.268	23.282	1.200	0.417	0.246	70.103	0.703	0.445	1164	2662	82.030	0.258	1.697	0.589	0.922
551	0.048	30.798	23.176	0.889	0.316	0.193	16.911	0.759	0.336	3474	2629	13.671	0.208	1.637	0.611	0.917
552	0.072	24.395	23.243	1.175	0.451	0.203	142.838	0.655	0.495	2741	2621	148.861	0.224	2.221	0.450	0.906
553	6.222E-4	1.090	23.154	0.080	0.031	0.025	135.000	1.000	0.037	122	2624	135.000	0.026	1.229	0.814	0.941
554	0.046	16.772	23.243	0.877	0.334	0.174	7.310	0.744	0.347	1884	2641	14.744	0.194	1.917	0.522	0.923
555	0.101	14.958	23.355	1.250	0.443	0.291	20.426	0.814	0.464	1671	2660	14.300	0.305	1.524	0.656	0.946
556	0.055	15.949	23.312	0.882	0.286	0.245	150.250	0.890	0.301	1795	2634	148.173	0.255	1.165	0.858	0.945
557	0.140	9.380	23.389	1.550	0.571	0.313	1.651	0.733	0.585	1031	2657	11.310	0.323	1.827	0.547	0.921
558	0.081	6.040	23.402	1.182	0.417	0.247	146.944	0.728	0.431	665	2639	139.145	0.271	1.691	0.591	0.897
559	0.059	12.405	23.405	0.933	0.280	0.267	107.979	0.849	0.307	1394	2641	129.174	0.276	1.046	0.956	0.937
560	0.107	19.954	23.569	1.460	0.576	0.236	87.368	0.631	0.593	2259	2707	84.883	0.263	2.437	0.410	0.914
561	0.066	2.275	23.430	1.034	0.379	0.223	22.316	0.778	0.384	236	2660	9.246	0.229	1.701	0.588	0.935
562	0.067	27.926	23.460	1.080	0.363	0.234	123.522	0.718	0.387	3151	2647	131.309	0.250	1.553	0.644	0.902
563	0.046	8.376	23.443	0.913	0.296	0.195	127.616	0.686	0.345	933	2648	147.529	0.217	1.516	0.660	0.864
564	0.124	23.717	23.518	1.420	0.512	0.308	143.039	0.772	0.524	2660	2661	160.346	0.336	1.662	0.602	0.938
565	0.001	8.071	23.358	0.125	0.042	0.040	90.000	1.000	0.047	914	2646	111.801	0.044	1.044	0.957	0.850
566	0.095	18.022	23.528	1.312	0.514	0.234	38.994	0.691	0.533	2017	2686	38.956	0.254	2.197	0.455	0.932
567	0.066	18.878	23.494	0.994	0.313	0.270	48.311	0.845	0.326	2129	2679	38.418	0.273	1.158	0.864	0.934
568	0.067	29.587	23.493	1.040	0.371	0.231	38.289	0.781	0.395	3340	2683	51.340	0.242	1.609	0.621	0.923
569	0.154	1.282	23.533	1.704	0.565	0.347	7.475	0.666	0.627	110	2661	176.775	0.363	1.631	0.613	0.893
570	0.080	17.369	23.544	1.102	0.392	0.262	97.765	0.833	0.405	1961	2648	110.410	0.265	1.497	0.668	0.949
571	0.012	8.142	23.460	0.463	0.166	0.091	100.871	0.697	0.171	920	2651	101.889	0.100	1.811	0.552	0.841
572	0.114	11.218	23.539	1.392	0.520	0.280	4.078	0.742	0.530	1243	2668	177.138	0.300	1.861	0.537	0.944
573	0.189	25.600	23.647	2.852	0.640	0.376	18.771	0.292	0.832	2865	2690	12.858	0.532	1.704	0.587	0.615
574	0.030	31.373	23.509	0.736	0.287	0.134	145.689	0.703	0.303	3545	2655	144.462	0.157	2.137	0.468	0.899
575	7.000E-4	8.056	23.428	0.085	0.030	0.030	0.000	1.000	0.037	912	2655	135.000	0.026	1.000	1.000	1.000
576	0.122	4.738	23.572	1.422	0.518	0.299	7.131	0.756	0.524	509	2667	173.234	0.308	1.736	0.576	0.935
577	0.123	13.248	23.617	1.430	0.516	0.303	33.915	0.755	0.554	1475	2693	30.651	0.323	1.702	0.587	0.940
578	0.083	18.484	23.642	1.150	0.412	0.257	38.702	0.790	0.428	2075	2690	32.381	0.271	1.603	0.624	0.929
579	0.082	7.482	23.615	1.148	0.439	0.239	13.398	0.785	0.439	826	2684	15.154	0.244	1.833	0.546	0.954
580	0.048	27.081	23.644	0.859	0.265	0.230	52.954	0.816	0.284	3061	2695	53.842	0.234	1.152	0.868	0.924
581	0.054	30.047	23.639	0.952	0.375	0.185	153.952	0.753	0.394	3387	2671	153.435	0.201	2.028	0.493	0.936
582	0.099	2.864	23.718	1.311	0.478	0.264	30.074	0.727	0.509	303	2706	27.897	0.293	1.808	0.553	0.928
583	0.076	20.804	23.739	1.083	0.344	0.282	126.105	0.816	0.368	2346	2676	137.911	0.303	1.221	0.819	0.935
584	0.104	6.663	23.773	1.290	0.427	0.310	25.827	0.785	0.447	731	2707	22.011	0.333	1.380	0.725	0.918
585	0.048	30.840	23.730	0.916	0.282	0.216	122.277	0.716	0.321	3497	2673	105.945	0.236	1.304	0.767	0.882
586	0.032	23.146	23.715	0.706	0.224	0.184	49.140	0.815	0.243	2616	2699	43.531	0.197	1.215	0.823	0.920
587	0.072	22.151	23.792	1.040	0.338	0.270	104.033	0.834	0.360	2504	2679	101.310	0.275	1.250	0.800	0.925
588	2.333E-4	31.762	23.657	0.060	0.030	0.010	90.000	0.809	0.028	3601	2681	108.435	0.009	3.000	0.333	1.000
589	0.049	27.678	23.767	0.915	0.350	0.177	145.684	0.730	0.376	3121	2684	140.711	0.189	1.984	0.504	0.935
590	0.136	13.991	23.929	1.532	0.546	0.318	106.059	0.731	0.573	1587	2683	99.752	0.351	1.717	0.582	0.937
591	0.150	28.985	23.902	1.651	0.504	0.380	169.429	0.693	0.556	3254	2715	165.303	0.403	1.329	0.753	0.918
592	0.077	16.495	23.909	1.068	0.371	0.263	113.435	0.846	0.383	1864	2692	113.025	0.277	1.411	0.709	0.950
593	0.001	23.707	23.780	0.123	0.046	0.037	74.828	1.000	0.051	2687	2699	59.036	0.035	1.263	0.792	0.919
594	0.033	24.685	23.902	0.697	0.218	0.190	81.363	0.845	0.237	2793	2724	74.932	0.194	1.147	0.872	0.925
595	0.034	3.513	23.955	0.732	0.269	0.160	48.931	0.791	0.288	387	2728	49.970	0.179	1.684	0.594	0.928
596	0.039	21.518	23.956	0.767	0.234	0.214	46.711	0.842	0.256	2428	2725	40.815	0.220	1.094	0.914	0.935
597	0.074	26.645	24.065	1.126	0.392	0.242	39.534	0.738	0.420	3005	2746	50.964	0.260	1.617	0.618	0.905
598	0.001	11.793	23.917	0.123	0.044	0.036	152.010	1.000	0.051	1335	2710	149.036	0.035	1.234	0.810	0.889
599	0.096	12.032	24.062	1.251	0.439	0.278	152.522	0.768	0.480	1341	2714	147.771	0.294	1.579	0.633	0.935
600	0.082	14.952	24.036	1.131	0.374	0.278	158.822	0.803	0.400	1671	2718	165.964	0.291	1.345	0.744	0.938
601	0.007	27.546	23.960	0.305	0.102	0.083	7.505	0.891	0.109	3118	2719	14.036	0.088	1.227	0.815	0.885
602	0.045	31.281	24.087	0.817	0.281	0.204	69.195	0.846	0.296	3538	2745	59.621	0.213	1.376	0.726	0.944
603	0.074	8.531	24.187	1.197	0.448	0.210	115.927	0.645	0.480	955	2717	110.433	0.243	2.136	0.468	0.900
604	0.149	4.348	24.260	1.562	0.564	0.336	57.482	0.768	0.609	470	2777	51.470	0.366	1.677	0.596	0.946
605	0.032	19.226	24.150	0.703	0.237	0.171	78.471	0.806	0.257	2174	2752	74.055	0.193	1.386	0.722	0.907
606	0.070	7.876	24.197	1.062	0.396	0.224	131.495	0.775	0.419	877	2726	130.732	0.238	1.773	0.564	0.925
607	0.073	16.023	24.156	1.093	0.391	0.238	162.300	0.769	0.411	1793	2733	165.069	0.260	1.644	0.608	0.925
608	0.073	9.332	24.200	1.006	0.313	0.297	2.204	0.905	0.332	1040	2742	169.287	0.304	1.052	0.951	0.954
609	0.031	17.789	24.154	0.656	0.218	0.181	92.429	0.907	0.225	2015	2726	101.310	0.185	1.204	0.830	0.941
610	0.068	30.660	24.252	1.077	0.399	0.217	120.731	0.736	0.421	3465	2727	123.024	0.241	1.842	0.543	0.922
611	0.058	2.257	24.192	0.985	0.359	0.205	36.104	0.750	0.384	238	2757	31.866	0.221	1.751	0.571	0.921
612	0.078	30.020	24.253	1.183	0.401	0.247	75.911	0.699	0.452	3395	2777	72.979	0.282	1.619	0.618	0.887
613	0.115	10.256	24.224	1.481	0.556	0.264	173.988	0.661	0.579	1130	2744	172.117	0.293	2.106	0.475	0.898
614	0.062	12.932	24.219	0.975	0.337	0.235	4.471	0.822	0.338	1447	2744	172.504	0.244	1.431	0.699	0.941
615	0.135	23.111	24.392	1.567	0.579	0.298	49.970	0.693	0.595	2604	2797	50.412	0.326	1.944	0.514	0.904
616	0.055	22.222	24.311	1.023	0.381	0.182	154.967	0.656	0.409	2502	2746	147.339	0.193	2.088	0.479	0.899
617	0.061	27.686	24.339	1.012	0.315	0.245	10.124	0.743	0.358	3117	2761	9.926	0.280	1.284	0.779	0.904
618	0.058	5.746	24.317	0.975	0.354	0.209	10.730	0.769	0.383	630	2758	14.676	0.212	1.695	0.590	0.939
619	0.035	5.142	24.314	0.732	0.269	0.167	163.684	0.828	0.282	568	2752	159.864	0.176	1.612	0.620	0.939
620	0.056	25.857	24.370	0.937	0.319	0.225	25.355	0.806	0.338	2919	2777	33.275	0.241	1.421	0.704	0.928
621	0.111	1.236	24.402	1.349	0.514	0.275	171.210	0.767	0.531	112	2763	168.503	0.281	1.868	0.535	0.950
622	0.073	17.113	24.389	1.096	0.379	0.246	12.604	0.766	0.416	1920	2772	17.281	0.265	1.543	0.648	0.923
623	0.089	23.842	24.457	1.241	0.450	0.251	34.065	0.723	0.499	2679	2788	35.655	0.280	1.794	0.557	0.937
624	0.066	20.340	24.509	1.077	0.376	0.222	66.193	0.710	0.402	2295	2802	70.769	0.257	1.693	0.591	0.913
625	0.061	11.173	24.475	0.990	0.367	0.212	44.142	0.783	0.393	1252	2791	42.274	0.222	1.734	0.577	0.930
626	0.150	24.434	24.623	1.852	0.654	0.292	139.814	0.549	0.672	2742	2765	141.927	0.345	2.241	0.446	0.840
627	0.099	6.920	24.581	1.248	0.440	0.288	59.138	0.802	0.456	765	2804	48.918	0.292	1.529	0.654	0.951
628	0.045	19.469	24.482	0.887	0.344	0.167	28.181	0.719	0.359	2190	2786	27.824	0.180	2.065	0.484	0.910
629	0.063	3.008	24.551	1.038	0.357	0.223	74.275	0.730	0.379	333	2805	65.225	0.232	1.603	0.624	0.913
630	0.057	29.521	24.514	0.947	0.330	0.218	18.578	0.792	0.360	3328	2785	21.541	0.247	1.513	0.661	0.915
631	0.037	28.371	24.539	0.731	0.246	0.190	78.978	0.863	0.253	3213	2796	77.905	0.203	1.291	0.774	0.928
632	0.063	15.315	24.569	0.991	0.302	0.266	37.796	0.808	0.333	1731	2803	57.995	0.271	1.136	0.880	0.934
633	6.222E-4	31.719	24.479	0.080	0.031	0.025	45.000	1.000	0.037	3595	2777	45.000	0.026	1.229	0.814	0.941
634	0.095	27.037	24.699	1.243	0.452	0.266	136.259	0.769	0.466	3048	2781	142.696	0.268	1.698	0.589	0.932
635	0.002	12.267	24.551	0.165	0.056	0.052	29.350	1.000	0.064	1388	2786	33.690	0.053	1.076	0.929	0.906
636	9.333E-4	9.800	24.550	0.105	0.037	0.032	19.805	1.000	0.044	1109	2785	36.870	0.035	1.135	0.881	0.857
637	0.058	19.019	24.700	0.947	0.273	0.269	52.318	0.808	0.310	2153	2817	70.017	0.277	1.014	0.986	0.926
638	0.062	26.457	24.736	1.006	0.334	0.236	28.219	0.767	0.351	2981	2815	11.592	0.260	1.420	0.704	0.921
639	0.119	11.964	24.755	1.527	0.565	0.268	167.957	0.641	0.627	1323	2802	166.159	0.298	2.109	0.474	0.915
640	0.044	25.172	24.798	0.877	0.312	0.180	109.561	0.721	0.341	2849	2793	111.251	0.200	1.736	0.576	0.912
641	0.049	25.854	24.752	0.890	0.323	0.194	41.644	0.782	0.346	2916	2819	37.747	0.217	1.667	0.600	0.929
642	0.085	17.644	24.941	1.451	0.583	0.185	69.837	0.505	0.622	1992	2862	71.822	0.215	3.155	0.317	0.878
643	0.085	14.667	24.866	1.215	0.449	0.240	59.872	0.722	0.453	1649	2842	56.929	0.257	1.867	0.536	0.903
644	0.100	13.711	24.837	1.383	0.482	0.265	18.212	0.658	0.533	1521	2821	19.335	0.297	1.821	0.549	0.911
645	0.042	2.116	24.809	0.807	0.267	0.199	16.052	0.806	0.293	223	2820	15.709	0.212	1.344	0.744	0.913
646	0.076	10.219	24.866	1.106	0.380	0.254	169.942	0.781	0.400	1136	2812	157.964	0.271	1.495	0.669	0.933
647	0.039	3.687	24.823	0.794	0.292	0.171	13.594	0.780	0.321	401	2818	15.945	0.176	1.709	0.585	0.931
648	0.060	12.793	24.880	1.035	0.370	0.208	168.012	0.708	0.383	1431	2813	165.324	0.220	1.780	0.562	0.901
649	0.055	27.702	24.937	0.905	0.289	0.243	129.335	0.846	0.308	3130	2812	113.629	0.259	1.189	0.841	0.941
650	0.076	21.756	24.942	1.095	0.376	0.258	170.689	0.799	0.398	2444	2823	167.196	0.273	1.459	0.685	0.924
651	0.075	30.830	24.957	1.100	0.385	0.247	164.663	0.776	0.413	3470	2824	163.887	0.268	1.558	0.642	0.933
652	0.003	26.242	24.873	0.210	0.073	0.057	10.075	0.932	0.081	2971	2821	12.529	0.062	1.293	0.773	0.848
653	0.049	30.069	24.996	0.857	0.296	0.212	133.836	0.843	0.309	3395	2826	143.130	0.218	1.395	0.717	0.941
654	9.333E-4	31.696	24.879	0.100	0.034	0.034	0.000	1.000	0.039	3593	2819	116.565	0.035	1.000	1.000	0.857
655	0.061	1.185	25.026	0.970	0.311	0.250	150.129	0.817	0.340	121	2823	143.427	0.270	1.243	0.804	0.937
656	0.071	9.297	25.005	1.055	0.359	0.252	12.720	0.802	0.381	1035	2840	13.392	0.260	1.423	0.703	0.926
657	0.058	6.102	25.061	0.954	0.321	0.231	61.593	0.806	0.340	683	2861	73.443	0.249	1.391	0.719	0.921
658	0.097	5.119	25.147	1.259	0.462	0.267	102.034	0.768	0.483	570	2825	111.413	0.269	1.734	0.577	0.937
659	0.088	20.842	25.159	1.252	0.363	0.310	110.312	0.709	0.419	2365	2828	104.621	0.333	1.169	0.855	0.898
660	0.057	11.021	25.092	0.985	0.352	0.206	4.463	0.737	0.381	1230	2851	13.392	0.226	1.710	0.585	0.915
661	0.051	23.466	25.124	0.883	0.290	0.224	134.574	0.823	0.326	2652	2833	128.418	0.240	1.292	0.774	0.949
662	0.085	29.080	25.151	1.135	0.388	0.280	40.813	0.831	0.416	3275	2860	32.005	0.293	1.385	0.722	0.935
663	0.057	18.237	25.127	1.047	0.402	0.182	30.997	0.659	0.415	2049	2865	38.089	0.181	2.210	0.452	0.925
664	0.055	16.169	25.106	0.942	0.350	0.200	176.541	0.779	0.380	1813	2845	177.337	0.203	1.749	0.572	0.937
665	0.046	8.474	25.154	0.899	0.332	0.178	147.030	0.721	0.352	945	2843	148.299	0.206	1.866	0.536	0.903
666	0.054	6.405	25.215	0.908	0.325	0.209	76.860	0.816	0.332	722	2878	73.009	0.220	1.554	0.644	0.942
667	4.667E-4	14.874	25.073	0.068	0.030	0.020	0.000	1.000	0.032	1685	2842	146.310	0.018	1.500	0.667	1.000
668	0.053	19.719	25.191	0.934	0.283	0.237	46.451	0.759	0.307	2228	2873	50.826	0.259	1.198	0.835	0.914
669	0.093	16.777	25.213	1.425	0.569	0.207	6.146	0.574	0.602	1870	2870	10.981	0.230	2.743	0.365	0.920
670	0.070	22.769	25.202	1.145	0.440	0.202	13.840	0.669	0.467	2558	2861	10.886	0.215	2.177	0.459	0.925
671	0.067	4.399	25.297	1.030	0.347	0.246	102.633	0.792	0.364	497	2846	104.036	0.253	1.411	0.709	0.944
672	0.083	26.075	25.286	1.168	0.437	0.243	129.454	0.766	0.451	2941	2846	130.236	0.268	1.800	0.556	0.932
673	0.078	15.372	25.297	1.136	0.338	0.296	37.036	0.764	0.387	1733	2889	55.222	0.308	1.144	0.874	0.911
674	0.024	24.962	25.286	0.643	0.267	0.113	86.221	0.719	0.261	2827	2881	78.311	0.115	2.377	0.421	0.934
675	7.000E-4	10.341	25.183	0.085	0.030	0.030	0.000	1.000	0.037	1171	2854	135.000	0.026	1.000	1.000	1.000
676	6.222E-4	14.917	25.188	0.092	0.032	0.025	55.278	0.914	0.039	1690	2858	63.435	0.026	1.308	0.764	0.800
677	0.002	14.755	25.217	0.148	0.059	0.037	30.763	0.988	0.064	1670	2861	33.690	0.043	1.582	0.632	0.880
678	0.071	28.594	25.391	1.052	0.313	0.287	98.607	0.801	0.347	3245	2898	82.694	0.290	1.087	0.920	0.924
679	0.052	25.552	25.348	0.951	0.315	0.211	157.300	0.726	0.345	2879	2866	147.529	0.225	1.490	0.671	0.907
680	0.076	31.336	25.466	1.184	0.415	0.233	103.870	0.681	0.456	3547	2860	104.574	0.256	1.783	0.561	0.903
681	0.053	7.566	25.356	0.935	0.338	0.200	156.150	0.765	0.357	838	2866	159.775	0.210	1.688	0.593	0.922
682	0.039	24.179	25.361	0.802	0.296	0.167	39.927	0.759	0.309	2729	2888	36.870	0.183	1.773	0.564	0.903
683	0.013	3.610	25.352	0.495	0.195	0.085	46.651	0.665	0.203	403	2883	55.620	0.100	2.305	0.434	0.833
684	0.121	11.881	25.424	1.765	0.649	0.237	12.194	0.488	0.665	1308	2886	6.089	0.261	2.734	0.366	0.875
685	0.052	6.942	25.441	0.946	0.281	0.234	70.599	0.726	0.329	780	2867	97.696	0.272	1.200	0.834	0.879
686	3.111E-4	14.543	25.293	0.050	0.020	0.020	0.000	1.000	0.025	1648	2867	135.000	0.018	1.000	1.000	1.000
687	0.038	2.415	25.412	0.779	0.289	0.169	30.319	0.794	0.304	258	2889	29.539	0.181	1.714	0.584	0.928
688	0.001	23.242	25.319	0.123	0.046	0.037	164.828	1.000	0.051	2633	2869	149.036	0.035	1.263	0.792	0.919
689	0.080	27.191	25.508	1.219	0.468	0.218	139.534	0.678	0.493	3067	2872	134.275	0.237	2.145	0.466	0.911
690	0.058	13.703	25.475	1.050	0.394	0.188	149.388	0.663	0.406	1535	2873	137.643	0.193	2.099	0.476	0.897
691	0.051	19.045	25.472	0.904	0.297	0.219	152.358	0.784	0.315	2143	2889	168.690	0.235	1.357	0.737	0.928
692	0.113	3.215	25.553	1.432	0.575	0.251	44.132	0.695	0.577	342	2924	51.203	0.271	2.292	0.436	0.929
693	3.111E-4	14.841	25.351	0.068	0.024	0.016	90.000	0.857	0.028	1682	2873	108.435	0.018	1.468	0.681	0.800
694	0.038	18.668	25.483	0.752	0.246	0.198	64.499	0.852	0.254	2104	2896	33.690	0.214	1.241	0.805	0.932
695	0.002	20.287	25.384	0.178	0.064	0.050	158.704	0.991	0.071	2297	2876	150.255	0.053	1.288	0.776	0.877
696	0.035	31.794	25.461	0.722	0.246	0.181	160.310	0.842	0.260	3591	2882	151.699	0.186	1.365	0.733	0.927
697	0.086	3.811	25.595	1.235	0.426	0.258	121.913	0.711	0.451	421	2879	120.579	0.282	1.654	0.605	0.891
698	0.001	23.262	25.421	0.135	0.046	0.041	90.000	1.000	0.051	2636	2880	120.964	0.044	1.121	0.892	0.864
699	0.117	14.669	25.680	1.422	0.548	0.271	62.628	0.725	0.581	1646	2939	59.931	0.296	2.026	0.494	0.945
700	0.070	9.991	25.554	1.108	0.445	0.201	21.944	0.720	0.469	1110	2910	25.602	0.224	2.209	0.453	0.949
701	0.060	17.419	25.624	1.035	0.394	0.194	72.734	0.706	0.416	1964	2928	68.875	0.207	2.029	0.493	0.916
702	0.046	5.687	25.594	0.926	0.369	0.158	36.791	0.672	0.375	628	2917	41.186	0.168	2.330	0.429	0.913
703	0.002	3.552	25.537	0.165	0.056	0.048	34.594	0.967	0.064	400	2898	33.690	0.053	1.156	0.865	0.871
704	0.001	17.650	25.539	0.135	0.045	0.042	6.264	1.000	0.051	1999	2894	149.036	0.044	1.083	0.923	0.884
705	0.067	20.197	25.677	1.015	0.345	0.246	174.272	0.815	0.364	2269	2917	14.036	0.258	1.399	0.715	0.934
706	0.042	4.942	25.673	0.858	0.321	0.169	25.702	0.725	0.338	544	2922	33.275	0.181	1.902	0.526	0.902
707	0.074	12.876	25.735	1.111	0.426	0.220	7.391	0.749	0.428	1435	2919	8.297	0.231	1.938	0.516	0.942
708	0.089	21.890	25.841	1.187	0.397	0.285	41.085	0.792	0.419	2458	2939	22.249	0.302	1.392	0.718	0.923
709	0.106	1.107	25.833	1.327	0.432	0.313	136.641	0.758	0.493	104	2913	132.825	0.341	1.379	0.725	0.928
710	0.001	11.659	25.683	0.110	0.039	0.035	180.000	1.000	0.044	1321	2910	126.870	0.035	1.125	0.889	0.933
711	0.065	27.920	25.850	1.052	0.397	0.210	127.982	0.743	0.416	3150	2910	126.384	0.237	1.894	0.528	0.923
712	0.061	30.349	25.780	1.010	0.327	0.238	179.389	0.753	0.362	3420	2920	167.320	0.265	1.372	0.729	0.906
713	0.065	16.385	25.841	1.230	0.521	0.158	151.594	0.536	0.531	1833	2913	147.894	0.174	3.305	0.303	0.887
714	0.115	8.763	25.924	1.462	0.585	0.251	133.785	0.677	0.587	975	2913	131.348	0.267	2.334	0.428	0.918
715	0.002	28.079	25.708	0.178	0.060	0.051	21.576	0.960	0.067	3180	2916	23.199	0.053	1.185	0.844	0.873
716	0.030	28.513	25.774	0.683	0.246	0.155	160.945	0.803	0.251	3220	2920	169.875	0.169	1.587	0.630	0.899
717	0.068	29.623	25.811	1.117	0.411	0.212	176.299	0.689	0.434	3335	2931	5.826	0.233	1.935	0.517	0.908
718	0.133	7.819	25.897	1.467	0.530	0.320	21.673	0.779	0.554	858	2952	30.651	0.346	1.657	0.604	0.945
719	0.046	24.072	25.795	0.847	0.310	0.190	176.133	0.807	0.325	2712	2922	167.471	0.194	1.631	0.613	0.934
720	0.068	26.521	25.829	1.056	0.333	0.261	155.382	0.770	0.364	2989	2915	157.166	0.267	1.272	0.786	0.918
721	0.002	14.222	25.736	0.172	0.059	0.049	102.228	0.953	0.064	1611	2915	105.945	0.053	1.205	0.830	0.853
722	0.043	15.817	25.837	0.792	0.255	0.213	95.106	0.856	0.267	1784	2917	124.216	0.216	1.198	0.835	0.936
723	0.078	1.778	25.908	1.184	0.451	0.221	122.679	0.701	0.455	187	2917	121.535	0.241	2.044	0.489	0.899
724	0.039	24.717	25.803	0.780	0.287	0.173	5.809	0.805	0.294	2787	2927	8.616	0.176	1.664	0.601	0.935
725	0.087	22.851	25.863	1.287	0.519	0.214	179.208	0.663	0.515	2563	2931	173.118	0.224	2.425	0.412	0.924
726	0.099	25.710	25.913	1.311	0.491	0.257	160.122	0.725	0.492	2888	2936	170.707	0.270	1.910	0.524	0.925
727	0.081	10.739	25.882	1.303	0.506	0.202	5.374	0.596	0.522	1188	2933	176.121	0.229	2.500	0.400	0.879
728	0.084	18.234	26.028	1.148	0.389	0.274	124.935	0.798	0.418	2057	2929	124.695	0.287	1.423	0.703	0.929
729	0.081	20.967	25.967	1.173	0.454	0.228	167.607	0.740	0.481	2351	2938	166.218	0.238	1.993	0.502	0.951
730	0.032	17.672	26.046	0.694	0.236	0.172	123.887	0.830	0.252	1997	2940	126.469	0.185	1.376	0.727	0.927
731	0.087	18.731	26.088	1.161	0.381	0.292	160.476	0.814	0.404	2104	2947	143.881	0.298	1.305	0.766	0.939
732	0.056	3.968	26.104	0.972	0.366	0.194	126.958	0.743	0.387	435	2943	124.778	0.210	1.885	0.531	0.923
733	0.051	13.638	26.111	0.917	0.323	0.200	57.546	0.757	0.351	1532	2975	51.116	0.221	1.614	0.620	0.918
734	0.052	17.044	26.071	0.950	0.351	0.189	7.943	0.726	0.353	1915	2961	12.995	0.206	1.852	0.540	0.906
735	7.778E-5	22.308	25.968	0.025	0.010	0.010	0.000	1.000	0.012	2529	2944	135.000	0.009	1.000	1.000	1.000
736	0.099	2.881	26.250	1.316	0.504	0.249	70.728	0.715	0.536	317	3005	69.775	0.276	2.022	0.495	0.941
737	0.049	11.829	26.167	0.954	0.388	0.162	32.554	0.683	0.396	1323	2979	32.276	0.185	2.390	0.418	0.908
738	0.071	19.184	26.240	1.133	0.400	0.226	20.474	0.694	0.446	2149	2979	18.435	0.241	1.772	0.564	0.930
739	0.129	14.343	26.267	1.559	0.578	0.285	8.232	0.669	0.638	1590	2982	11.155	0.320	2.031	0.492	0.922
740	0.043	6.993	26.239	0.809	0.256	0.215	95.465	0.834	0.277	783	2964	127.235	0.203	1.190	0.840	0.952
741	0.032	6.086	26.224	0.722	0.262	0.155	20.638	0.767	0.277	676	2980	30.651	0.162	1.696	0.590	0.926
742	0.038	19.877	26.262	0.780	0.274	0.178	167.686	0.792	0.296	2237	2973	157.249	0.185	1.537	0.651	0.929
743	0.068	13.218	26.284	1.068	0.371	0.233	173.991	0.748	0.394	1475	2980	169.695	0.238	1.591	0.628	0.929
744	0.002	21.471	26.314	0.145	0.049	0.045	22.357	1.000	0.056	2432	2982	141.340	0.044	1.083	0.923	0.936
745	0.067	17.433	26.463	1.043	0.379	0.224	26.453	0.770	0.394	1956	3013	34.046	0.236	1.692	0.591	0.931
746	0.002	24.743	26.389	0.148	0.054	0.044	70.395	1.000	0.059	2804	2995	63.435	0.044	1.222	0.818	0.906
747	0.063	16.124	26.543	1.105	0.455	0.175	163.356	0.645	0.466	1802	3003	164.650	0.198	2.597	0.385	0.920
748	0.109	18.110	26.682	1.369	0.491	0.283	44.619	0.731	0.508	2035	3049	51.340	0.324	1.733	0.577	0.898
749	0.002	17.915	26.543	0.172	0.059	0.050	91.425	0.986	0.064	2031	3006	105.945	0.053	1.176	0.851	0.857
750	0.010	15.075	26.601	0.403	0.145	0.089	43.698	0.782	0.159	1701	3020	33.690	0.099	1.631	0.613	0.887
751	0.042	18.832	26.687	0.852	0.301	0.178	113.551	0.726	0.310	2127	3010	109.983	0.191	1.693	0.591	0.895
752	0.007	12.857	26.862	0.311	0.104	0.085	168.741	0.902	0.112	1452	3045	161.565	0.088	1.223	0.817	0.922
753	0.001	18.969	27.073	0.123	0.043	0.037	75.128	1.000	0.050	2149	3072	45.000	0.035	1.150	0.869	0.889
754	8.556E-4	18.299	27.358	0.100	0.035	0.031	161.565	1.000	0.039	2074	3100	116.565	0.035	1.139	0.878	0.815
