 	Area	X	Y	Perim.	Major	Minor	Angle	Circ.	Feret	FeretX	FeretY	FeretAngle	MinFeret	AR	Round	Solidity
1	5.428	2.283	1.922	9.994	2.749	2.514	102.032	0.683	3.085	196	106	132.047	2.391	1.093	0.915	0.965
2	1.955	27.258	1.699	6.702	2.636	0.944	137.309	0.547	2.555	3605	134	151.908	0.977	2.791	0.358	0.936
3	7.175	14.027	2.061	12.493	3.843	2.377	33.563	0.578	4.143	1721	488	40.743	2.663	1.616	0.619	0.936
4	1.514	29.664	1.581	5.664	1.888	1.021	107.958	0.593	1.839	3995	134	138.835	1.009	1.850	0.541	0.919
5	2.523	5.979	1.699	6.932	2.041	1.574	21.045	0.660	2.409	701	329	27.028	1.778	1.296	0.771	0.931
6	2.490	18.216	2.036	7.785	2.826	1.122	154.294	0.516	2.913	2393	137	138.935	1.323	2.520	0.397	0.907
7	2.788	10.063	2.261	7.514	2.596	1.367	39.962	0.621	2.588	1229	399	18.790	1.373	1.899	0.526	0.929
8	0.024	29.062	1.339	0.894	0.342	0.088	107.964	0.370	0.358	3999	163	111.371	0.105	3.910	0.256	0.802
9	4.204E-4	5.193	1.360	0.066	0.026	0.021	135.000	1.000	0.031	715	186	135.000	0.022	1.229	0.814	0.941
10	2.158	21.787	2.359	6.451	2.110	1.302	138.284	0.652	2.166	2865	259	163.870	1.310	1.621	0.617	0.953
11	2.725	24.830	2.259	7.107	2.142	1.619	169.069	0.678	2.443	3292	221	146.499	1.537	1.323	0.756	0.943
12	0.002	29.114	1.565	0.171	0.071	0.031	112.643	0.747	0.075	4014	211	119.055	0.036	2.304	0.434	0.857
13	0.005	18.977	1.754	0.332	0.150	0.041	74.677	0.545	0.147	2615	252	69.775	0.048	3.681	0.272	0.850
14	0.006	29.191	1.773	0.346	0.142	0.057	114.355	0.668	0.149	4024	235	112.834	0.064	2.476	0.404	0.877
15	1.051E-4	18.448	2.657	0.031	0.016	0.008	0.000	1.000	0.016	2544	366	153.435	0.007	2.000	0.500	1.000
16	5.255E-4	19.328	2.940	0.086	0.032	0.021	172.312	0.887	0.037	2664	405	168.690	0.022	1.577	0.634	0.800
17	1.102	27.519	4.077	4.398	1.324	1.060	124.209	0.716	1.417	3694	537	165.182	1.052	1.249	0.801	0.934
18	1.137	29.529	4.128	4.411	1.416	1.023	86.995	0.735	1.463	4026	476	106.998	1.073	1.384	0.723	0.952
19	8.933E-4	12.555	3.675	0.126	0.053	0.021	162.188	0.713	0.055	1728	506	156.801	0.026	2.472	0.404	0.791
20	0.001	13.002	3.682	0.132	0.052	0.033	174.790	0.993	0.055	1790	507	156.801	0.036	1.552	0.644	0.881
21	0.003	12.512	3.711	0.210	0.091	0.038	163.334	0.764	0.094	1720	510	157.380	0.043	2.416	0.414	0.879
22	0.901	24.585	4.303	4.063	1.331	0.862	151.344	0.686	1.424	3292	600	176.205	0.904	1.543	0.648	0.922
23	1.752	21.686	4.735	6.818	2.456	0.908	147.358	0.473	2.430	2834	568	151.294	0.941	2.705	0.370	0.915
24	1.210	19.025	4.708	4.712	1.449	1.063	22.421	0.685	1.530	2520	633	167.412	1.039	1.362	0.734	0.926
25	0.001	26.885	4.075	0.121	0.047	0.030	154.046	0.943	0.052	3706	560	146.310	0.036	1.547	0.646	0.857
26	2.050	4.883	5.294	6.942	2.809	0.929	127.954	0.534	2.599	553	593	128.660	0.961	3.023	0.331	0.902
27	0.003	27.001	4.260	0.220	0.093	0.040	121.492	0.749	0.099	3721	582	126.027	0.048	2.330	0.429	0.873
28	5.255E-4	27.049	4.359	0.080	0.029	0.023	90.000	1.000	0.032	3731	599	116.565	0.022	1.236	0.809	0.909
29	1.455	13.493	5.372	6.156	1.971	0.940	42.184	0.482	2.244	1727	779	32.869	1.165	2.097	0.477	0.874
30	9.458E-4	27.110	4.385	0.115	0.048	0.025	157.529	0.895	0.052	3737	603	146.310	0.029	1.941	0.515	0.878
31	1.252	16.193	5.189	4.766	1.429	1.115	106.337	0.693	1.516	2235	611	91.644	1.145	1.281	0.780	0.928
32	1.051E-4	27.143	4.436	0.035	0.016	0.008	90.000	1.000	0.016	3744	611	116.565	0.007	2.000	0.500	1.000
33	1.502	2.314	5.258	6.815	2.307	0.829	141.348	0.407	2.429	180	649	143.985	0.898	2.782	0.359	0.898
34	1.718	7.852	5.394	5.820	1.608	1.360	58.318	0.637	1.824	1050	866	77.842	1.424	1.182	0.846	0.911
35	0.001	27.278	4.624	0.127	0.050	0.032	131.327	0.978	0.052	3761	635	123.690	0.036	1.544	0.648	0.857
36	1.515	10.532	5.409	5.111	1.749	1.103	46.409	0.729	1.780	1419	872	64.687	1.103	1.586	0.631	0.960
37	7.882E-4	1.499	5.234	0.150	0.060	0.017	173.850	0.439	0.062	203	720	159.444	0.024	3.617	0.277	0.600
38	6.305E-4	1.858	5.285	0.086	0.032	0.025	122.067	1.000	0.036	255	727	126.870	0.029	1.281	0.780	0.857
39	5.255E-5	1.751	5.310	0.021	0.008	0.008	0.000	1.000	0.010	241	732	135.000	0.007	1.000	1.000	1.000
40	5.780E-4	2.067	5.655	0.086	0.033	0.023	149.714	0.976	0.036	284	778	126.870	0.026	1.450	0.690	0.815
41	0.625	28.082	6.425	3.984	1.462	0.545	140.932	0.495	1.551	3783	805	138.789	0.669	2.685	0.372	0.886
42	0.722	25.832	6.465	4.256	1.801	0.511	144.971	0.501	1.768	3463	827	144.681	0.537	3.527	0.284	0.924
43	0.918	19.371	6.647	4.128	1.542	0.758	129.001	0.677	1.615	2595	830	133.363	0.766	2.035	0.491	0.965
44	0.497	23.713	6.513	2.927	0.868	0.730	130.863	0.729	0.984	3251	833	99.324	0.705	1.188	0.842	0.927
45	0.980	16.606	6.891	5.497	1.128	1.106	157.970	0.408	1.366	2186	960	3.652	1.141	1.019	0.981	0.887
46	6.305E-4	27.533	6.293	0.086	0.032	0.025	122.067	1.000	0.036	3797	866	126.870	0.029	1.281	0.780	0.857
47	0.708	21.992	6.719	3.436	1.142	0.790	12.095	0.754	1.220	2952	972	28.393	0.790	1.445	0.692	0.958
48	0.003	27.614	6.337	0.191	0.078	0.043	147.578	0.903	0.083	3805	871	142.125	0.049	1.798	0.556	0.893
49	1.576E-4	27.924	6.663	0.041	0.017	0.012	45.000	1.000	0.021	3851	920	45.000	0.014	1.464	0.683	0.857
50	0.879	9.031	7.533	4.563	1.567	0.714	109.224	0.530	1.616	1185	966	121.052	0.878	2.195	0.456	0.862
51	0.915	11.430	7.548	4.244	1.635	0.713	144.311	0.639	1.610	1471	1000	158.055	0.693	2.294	0.436	0.938
52	0.979	13.874	7.483	4.379	1.509	0.826	154.234	0.642	1.571	1808	995	169.364	0.881	1.826	0.548	0.926
53	0.968	2.160	7.613	4.192	1.293	0.953	142.303	0.692	1.368	247	963	112.760	0.955	1.357	0.737	0.933
54	1.051E-4	15.516	7.234	0.035	0.016	0.008	90.000	1.000	0.016	2140	997	116.565	0.007	2.000	0.500	1.000
55	1.040	6.952	7.720	5.205	1.982	0.668	161.658	0.482	2.071	821	1019	164.991	0.719	2.967	0.337	0.925
56	1.051E-4	15.527	7.252	0.031	0.016	0.008	0.000	1.000	0.016	2141	1000	153.435	0.007	2.000	0.500	1.000
57	0.001	18.236	7.394	0.146	0.066	0.021	117.578	0.650	0.068	2513	1016	122.005	0.028	3.068	0.326	0.778
58	0.734	4.579	7.879	3.940	1.179	0.793	3.982	0.595	1.268	545	1063	153.875	0.827	1.487	0.673	0.936
59	0.709	27.545	8.131	3.872	1.313	0.688	116.688	0.595	1.456	3753	1038	109.788	0.792	1.909	0.524	0.932
60	0.522	23.971	8.143	3.125	1.191	0.558	130.552	0.672	1.225	3275	1048	112.620	0.554	2.136	0.468	0.947
61	0.779	22.070	8.199	3.812	1.455	0.681	151.331	0.674	1.484	2944	1091	159.706	0.713	2.136	0.468	0.950
62	0.366	29.289	8.162	2.875	0.969	0.481	93.277	0.556	0.974	4024	1065	104.657	0.524	2.015	0.496	0.914
63	0.001	6.228	7.825	0.117	0.044	0.034	164.583	1.000	0.049	856	1078	153.435	0.036	1.289	0.776	0.863
64	0.808	19.985	8.500	3.732	1.171	0.879	77.270	0.729	1.255	2769	1078	92.648	0.944	1.333	0.750	0.943
65	0.415	25.461	8.312	2.644	0.787	0.672	179.156	0.746	0.887	3461	1178	20.063	0.699	1.171	0.854	0.941
66	0.770	17.723	8.489	3.817	1.366	0.718	163.232	0.664	1.384	2357	1124	165.745	0.712	1.903	0.525	0.951
67	0.532	15.383	8.919	3.149	1.141	0.594	168.975	0.674	1.187	2053	1188	155.469	0.631	1.921	0.520	0.926
68	0.576	13.418	9.071	3.197	1.193	0.615	41.343	0.708	1.202	1783	1300	36.663	0.669	1.941	0.515	0.936
69	0.665	10.402	9.226	3.424	1.165	0.727	172.081	0.713	1.216	1370	1237	152.671	0.699	1.604	0.623	0.955
70	0.474	6.486	9.296	2.731	0.948	0.638	42.939	0.799	0.946	841	1316	40.649	0.637	1.486	0.673	0.957
71	0.484	8.574	9.421	2.919	0.996	0.618	105.743	0.713	0.996	1144	1238	128.204	0.642	1.610	0.621	0.941
72	0.497	1.973	9.295	2.909	1.018	0.622	158.927	0.739	1.028	208	1245	158.499	0.636	1.637	0.611	0.950
73	0.118	11.851	9.185	1.513	0.594	0.252	170.100	0.646	0.566	1599	1254	166.675	0.262	2.358	0.424	0.914
74	0.590	4.198	9.355	3.809	1.581	0.475	168.590	0.511	1.516	476	1273	173.962	0.523	3.327	0.301	0.912
75	0.414	24.129	9.671	2.925	0.843	0.625	36.019	0.608	0.991	3294	1387	55.729	0.644	1.349	0.741	0.873
76	0.320	28.915	9.555	2.263	0.663	0.615	151.796	0.785	0.750	3939	1300	174.455	0.617	1.078	0.927	0.946
77	0.528	26.857	9.685	3.223	1.126	0.597	157.493	0.639	1.165	3644	1305	156.146	0.660	1.885	0.531	0.930
78	0.325	25.464	9.574	2.323	0.758	0.546	19.406	0.758	0.796	3466	1357	20.251	0.570	1.388	0.721	0.937
79	0.002	11.729	9.399	0.150	0.057	0.040	59.830	0.994	0.062	1615	1300	54.462	0.043	1.416	0.706	0.919
80	0.372	22.358	9.767	3.117	1.301	0.364	13.850	0.481	1.380	2988	1374	14.912	0.410	3.575	0.280	0.937
81	0.407	18.998	10.052	2.580	0.832	0.624	84.662	0.769	0.916	2602	1322	100.954	0.629	1.333	0.750	0.957
82	2.102E-4	25.103	9.721	0.041	0.016	0.016	0.000	1.000	0.021	3462	1340	135.000	0.014	1.000	1.000	1.000
83	0.337	20.654	9.950	2.591	0.963	0.446	3.325	0.631	0.963	2792	1401	19.799	0.442	2.160	0.463	0.937
84	0.332	17.233	10.288	2.644	1.024	0.413	152.900	0.598	1.048	2306	1381	160.186	0.446	2.478	0.404	0.939
85	0.272	15.418	10.359	2.249	0.896	0.387	13.311	0.677	0.880	2069	1439	8.531	0.390	2.316	0.432	0.959
86	2.627E-4	6.356	10.161	0.056	0.023	0.015	108.435	1.000	0.026	876	1400	123.690	0.014	1.553	0.644	0.909
87	0.282	13.989	10.500	2.354	0.735	0.487	26.952	0.638	0.839	1888	1486	22.353	0.523	1.509	0.663	0.918
88	0.799	10.488	10.938	3.596	1.144	0.890	83.006	0.777	1.167	1401	1580	52.063	0.905	1.286	0.778	0.948
89	0.445	12.247	10.731	2.856	1.003	0.565	27.657	0.686	1.084	1620	1518	23.651	0.595	1.775	0.563	0.935
90	0.244	3.402	11.072	2.531	1.064	0.292	116.789	0.480	1.018	442	1463	118.025	0.311	3.639	0.275	0.897
91	0.095	22.840	10.829	1.225	0.372	0.324	107.910	0.793	0.402	3132	1472	115.641	0.338	1.148	0.871	0.927
92	0.722	5.377	11.184	3.422	1.105	0.832	81.362	0.775	1.181	707	1615	58.554	0.795	1.327	0.753	0.966
93	0.093	28.153	10.914	1.314	0.489	0.242	53.939	0.676	0.512	3855	1530	37.519	0.246	2.018	0.495	0.916
94	0.138	21.527	10.889	1.622	0.631	0.278	10.326	0.657	0.653	2930	1512	12.184	0.296	2.272	0.440	0.946
95	0.371	7.063	11.106	2.524	0.708	0.667	19.899	0.731	0.809	925	1509	160.105	0.668	1.062	0.942	0.917
96	0.342	1.566	10.961	3.351	1.503	0.290	175.227	0.382	1.452	123	1493	173.407	0.317	5.190	0.193	0.916
97	0.257	26.496	11.109	2.050	0.617	0.530	66.551	0.767	0.694	3640	1577	61.294	0.522	1.164	0.859	0.944
98	0.131	27.404	11.136	1.655	0.635	0.263	51.121	0.602	0.662	3753	1573	57.529	0.306	2.412	0.415	0.877
99	0.082	28.903	11.050	1.125	0.365	0.285	56.094	0.812	0.383	3974	1546	52.696	0.311	1.280	0.781	0.936
100	0.270	8.641	11.082	2.410	0.932	0.369	9.085	0.585	0.910	1135	1555	17.136	0.388	2.527	0.396	0.906
101	0.111	24.234	11.053	1.513	0.517	0.273	166.598	0.608	0.597	3311	1506	154.058	0.293	1.893	0.528	0.901
102	0.095	19.647	11.065	1.372	0.421	0.286	175.278	0.633	0.445	2682	1537	19.026	0.304	1.471	0.680	0.872
103	0.091	25.156	11.086	1.145	0.366	0.317	15.470	0.871	0.376	3446	1520	160.866	0.313	1.154	0.866	0.957
104	2.102E-4	19.528	11.199	0.041	0.016	0.016	0.000	1.000	0.021	2693	1544	135.000	0.014	1.000	1.000	1.000
105	0.101	22.752	11.550	1.342	0.428	0.301	37.942	0.705	0.462	3129	1621	67.865	0.325	1.422	0.703	0.882
106	0.211	15.094	11.655	1.877	0.650	0.414	156.009	0.754	0.658	2053	1573	143.509	0.420	1.571	0.636	0.950
107	5.255E-5	3.425	11.428	0.021	0.008	0.008	0.000	1.000	0.010	472	1576	135.000	0.007	1.000	1.000	1.000
108	0.244	16.517	11.739	2.326	0.924	0.336	146.725	0.567	0.925	2233	1578	146.185	0.365	2.750	0.364	0.884
109	0.262	17.776	11.670	2.385	0.848	0.394	178.263	0.579	0.885	2398	1607	1.878	0.458	2.154	0.464	0.884
110	0.272	21.649	11.708	2.177	0.737	0.470	156.175	0.721	0.738	2945	1584	141.780	0.497	1.568	0.638	0.928
111	0.365	19.238	11.846	2.459	0.818	0.568	167.704	0.759	0.860	2599	1631	174.193	0.573	1.440	0.695	0.939
112	0.112	27.359	11.887	1.683	0.732	0.195	118.731	0.498	0.721	3750	1599	120.174	0.217	3.752	0.266	0.904
113	0.296	20.388	11.906	2.263	0.776	0.486	23.441	0.727	0.800	2760	1645	12.022	0.493	1.598	0.626	0.935
114	0.129	28.960	11.863	1.550	0.624	0.264	140.140	0.677	0.619	3961	1607	141.654	0.283	2.365	0.423	0.927
115	0.165	23.645	11.862	1.700	0.627	0.336	12.803	0.718	0.625	3221	1639	4.653	0.342	1.868	0.535	0.937
116	0.096	24.175	11.898	1.353	0.514	0.236	42.625	0.655	0.552	3308	1672	38.073	0.241	2.176	0.459	0.941
117	0.218	14.072	11.956	2.001	0.751	0.369	7.682	0.683	0.763	1895	1663	8.746	0.400	2.035	0.491	0.936
118	0.293	25.382	12.108	2.326	0.833	0.448	175.156	0.682	0.905	3444	1646	165.630	0.453	1.859	0.538	0.943
119	0.074	26.324	12.057	1.072	0.320	0.293	131.361	0.805	0.366	3612	1645	146.310	0.303	1.091	0.917	0.950
120	0.594	12.566	12.261	3.354	1.245	0.608	167.430	0.664	1.268	1641	1676	159.597	0.646	2.048	0.488	0.930
121	0.005	18.223	11.988	0.245	0.079	0.074	82.621	0.957	0.088	2511	1659	65.556	0.072	1.073	0.932	0.921
122	0.169	7.739	12.420	1.661	0.559	0.384	153.271	0.769	0.591	1030	1711	168.690	0.379	1.456	0.687	0.948
123	0.202	15.387	12.535	1.887	0.581	0.443	141.349	0.714	0.629	2114	1684	110.943	0.474	1.310	0.763	0.925
124	0.455	21.564	12.626	2.675	0.852	0.680	118.433	0.799	0.876	2950	1689	110.833	0.674	1.254	0.797	0.954
125	0.119	27.883	12.469	1.340	0.467	0.324	61.674	0.830	0.469	3829	1748	50.648	0.340	1.444	0.693	0.951
126	0.273	9.708	12.554	2.139	0.703	0.495	167.218	0.751	0.740	1299	1711	161.742	0.529	1.419	0.705	0.953
127	0.397	1.547	12.620	2.609	0.863	0.586	35.741	0.733	0.914	179	1794	41.785	0.613	1.472	0.679	0.940
128	0.500	2.947	12.752	2.933	0.933	0.682	84.018	0.730	0.983	398	1826	68.356	0.681	1.368	0.731	0.942
129	0.130	8.757	12.454	1.513	0.569	0.291	5.519	0.713	0.568	1172	1732	23.295	0.301	1.959	0.510	0.937
130	0.515	6.500	12.866	3.265	1.111	0.590	126.661	0.607	1.217	848	1704	131.860	0.635	1.882	0.531	0.910
131	0.154	11.125	12.596	1.659	0.545	0.359	105.357	0.702	0.549	1511	1706	123.690	0.376	1.516	0.660	0.925
132	0.226	17.898	12.636	2.070	0.595	0.483	135.065	0.661	0.731	2439	1714	129.369	0.531	1.231	0.812	0.892
133	0.241	5.235	12.700	1.986	0.646	0.476	162.276	0.770	0.694	685	1721	145.646	0.493	1.356	0.738	0.949
134	0.140	26.834	12.708	1.496	0.469	0.381	56.848	0.788	0.493	3676	1772	24.305	0.385	1.232	0.812	0.930
135	0.230	25.734	12.805	2.200	0.806	0.364	134.033	0.598	0.837	3501	1744	144.520	0.399	2.215	0.452	0.885
136	0.174	3.978	12.690	1.762	0.642	0.344	4.361	0.702	0.659	502	1743	165.353	0.348	1.863	0.537	0.940
137	0.107	14.166	12.633	1.406	0.537	0.253	173.949	0.678	0.553	1920	1735	169.426	0.254	2.121	0.471	0.952
138	0.227	16.247	12.738	1.932	0.661	0.436	10.250	0.762	0.708	2189	1770	10.620	0.454	1.516	0.660	0.952
139	0.206	23.047	12.702	1.942	0.626	0.418	160.997	0.685	0.686	3130	1735	164.055	0.446	1.497	0.668	0.911
140	0.180	19.051	12.827	2.173	0.895	0.256	159.600	0.480	0.890	2569	1745	163.926	0.285	3.494	0.286	0.892
141	0.162	28.431	12.934	1.730	0.675	0.306	52.218	0.682	0.690	3889	1816	53.973	0.304	2.205	0.453	0.954
142	0.094	20.254	12.807	1.333	0.515	0.231	15.216	0.662	0.541	2758	1782	26.222	0.246	2.225	0.449	0.929
143	0.128	24.787	13.133	1.506	0.571	0.286	90.491	0.710	0.569	3407	1847	78.977	0.288	1.995	0.501	0.942
144	0.088	8.340	13.032	1.235	0.371	0.304	36.230	0.728	0.416	1140	1825	58.523	0.332	1.220	0.820	0.915
145	0.114	11.881	13.117	1.407	0.422	0.344	103.905	0.724	0.485	1620	1779	111.961	0.389	1.225	0.816	0.930
146	0.104	14.883	13.180	1.373	0.516	0.257	128.132	0.696	0.533	2036	1784	121.097	0.277	2.006	0.499	0.920
147	0.068	7.530	13.185	1.089	0.322	0.269	107.460	0.721	0.376	1027	1792	105.642	0.290	1.197	0.836	0.897
148	0.069	9.169	13.158	1.085	0.311	0.280	102.377	0.732	0.355	1251	1794	139.145	0.296	1.112	0.900	0.911
149	0.242	10.491	13.331	2.021	0.618	0.499	16.594	0.745	0.684	1406	1863	28.465	0.529	1.241	0.806	0.930
150	0.078	27.054	13.282	1.094	0.398	0.248	67.525	0.814	0.403	3719	1857	59.744	0.258	1.600	0.625	0.953
151	0.128	12.695	13.372	1.454	0.479	0.340	51.487	0.760	0.543	1727	1872	58.643	0.362	1.406	0.711	0.947
152	0.380	5.350	13.546	2.702	0.762	0.634	142.597	0.653	0.899	684	1851	146.182	0.685	1.201	0.833	0.903
153	0.250	22.401	13.364	2.243	0.876	0.363	169.915	0.623	0.866	3028	1830	175.197	0.384	2.413	0.414	0.944
154	0.087	25.427	13.399	1.185	0.406	0.271	70.304	0.775	0.414	3498	1877	57.144	0.277	1.498	0.667	0.944
155	0.115	14.077	13.350	1.493	0.585	0.250	7.044	0.647	0.606	1905	1848	11.041	0.268	2.346	0.426	0.941
156	0.136	15.636	13.457	1.519	0.559	0.310	154.817	0.740	0.587	2118	1841	162.013	0.334	1.804	0.554	0.945
157	0.113	16.959	13.528	1.407	0.475	0.302	66.027	0.715	0.522	2321	1901	60.945	0.332	1.571	0.636	0.930
158	0.152	18.003	13.505	1.782	0.712	0.272	12.680	0.602	0.684	2437	1869	4.865	0.279	2.613	0.383	0.897
159	0.076	27.772	13.463	1.196	0.475	0.204	174.781	0.667	0.482	3801	1849	167.845	0.220	2.328	0.430	0.941
160	0.126	16.289	13.638	1.522	0.475	0.339	63.547	0.686	0.509	2218	1901	49.044	0.360	1.400	0.714	0.899
161	0.222	19.076	13.650	1.967	0.621	0.455	23.510	0.721	0.675	2583	1881	12.395	0.512	1.367	0.732	0.933
162	0.128	21.055	13.620	1.432	0.482	0.337	168.589	0.781	0.510	2869	1866	165.174	0.348	1.433	0.698	0.953
163	0.065	20.152	13.627	1.015	0.344	0.240	164.218	0.790	0.372	2759	1867	146.929	0.239	1.433	0.698	0.945
164	0.084	26.601	13.761	1.263	0.462	0.231	107.436	0.659	0.458	3668	1928	86.367	0.245	2.004	0.499	0.908
165	0.099	24.179	13.731	1.249	0.393	0.321	107.162	0.798	0.431	3316	1873	133.636	0.323	1.225	0.816	0.961
166	0.127	1.444	13.686	1.620	0.476	0.340	3.053	0.608	0.559	161	1872	177.769	0.333	1.401	0.714	0.885
167	0.092	8.370	13.774	1.216	0.382	0.309	104.401	0.786	0.443	1146	1870	105.173	0.326	1.237	0.809	0.936
168	0.217	2.833	13.817	2.064	0.694	0.398	176.921	0.640	0.755	344	1893	171.714	0.476	1.740	0.575	0.900
169	3.678E-4	28.586	13.600	0.066	0.022	0.021	0.000	1.000	0.026	3942	1875	123.690	0.022	1.069	0.936	0.875
170	0.043	23.548	13.762	0.846	0.305	0.181	42.896	0.760	0.315	3232	1914	51.546	0.202	1.685	0.593	0.925
171	0.060	3.858	13.752	0.957	0.321	0.239	179.495	0.828	0.341	512	1886	156.161	0.246	1.343	0.745	0.953
172	0.085	7.431	13.837	1.171	0.375	0.290	6.829	0.783	0.417	997	1916	13.069	0.312	1.293	0.773	0.921
173	0.345	25.830	14.055	2.313	0.752	0.584	106.142	0.810	0.806	3532	1890	120.256	0.592	1.289	0.776	0.957
174	0.294	28.416	14.028	2.616	0.796	0.470	121.003	0.540	0.899	3876	1900	139.248	0.541	1.693	0.591	0.835
175	0.139	14.989	13.938	1.850	0.770	0.230	151.291	0.510	0.785	2029	1896	148.219	0.261	3.356	0.298	0.927
176	4.729E-4	19.672	13.725	0.072	0.028	0.021	159.699	1.000	0.032	2712	1892	153.435	0.022	1.340	0.746	0.857
177	4.204E-4	19.756	13.726	0.066	0.026	0.021	135.000	1.000	0.031	2724	1892	135.000	0.022	1.229	0.814	0.941
178	0.097	6.750	13.938	1.213	0.375	0.330	121.896	0.832	0.405	909	1903	126.254	0.329	1.135	0.881	0.952
179	0.063	9.575	13.914	1.022	0.326	0.247	168.589	0.761	0.357	1299	1913	156.038	0.254	1.318	0.759	0.924
180	0.002	6.272	13.844	0.161	0.059	0.042	107.263	0.948	0.065	863	1906	116.565	0.043	1.418	0.705	0.902
181	0.137	11.851	13.975	2.005	0.761	0.230	167.505	0.430	0.874	1570	1910	168.038	0.276	3.306	0.302	0.872
182	0.093	22.672	13.971	1.265	0.414	0.285	168.575	0.729	0.461	3094	1919	171.870	0.320	1.451	0.689	0.931
183	0.096	14.030	14.019	1.354	0.504	0.241	5.011	0.655	0.539	1903	1942	10.856	0.263	2.088	0.479	0.911
184	0.090	21.763	14.123	1.191	0.379	0.303	83.331	0.799	0.414	3003	1975	86.987	0.330	1.248	0.801	0.928
185	0.137	24.930	14.271	1.511	0.493	0.354	114.788	0.753	0.560	3424	1933	111.251	0.372	1.393	0.718	0.934
186	0.137	12.713	14.262	1.746	0.661	0.264	29.418	0.564	0.704	1714	1994	34.509	0.276	2.504	0.399	0.904
187	0.175	5.457	14.279	1.697	0.487	0.458	22.537	0.764	0.557	728	2003	38.660	0.471	1.065	0.939	0.940
188	0.080	26.589	14.202	1.282	0.513	0.198	174.307	0.611	0.521	3633	1949	171.193	0.219	2.583	0.387	0.911
189	0.056	17.220	14.289	1.135	0.448	0.158	42.159	0.544	0.471	2347	1995	36.870	0.171	2.828	0.354	0.876
190	0.270	6.668	14.639	2.201	0.715	0.481	107.345	0.701	0.802	897	1967	122.829	0.515	1.486	0.673	0.941
191	0.173	7.541	14.425	1.745	0.666	0.330	6.929	0.713	0.635	997	1979	168.818	0.321	2.015	0.496	0.948
192	0.196	11.281	14.544	1.970	0.516	0.482	171.337	0.633	0.653	1518	2028	22.865	0.505	1.070	0.935	0.868
193	0.154	20.265	14.465	1.671	0.613	0.319	16.015	0.692	0.615	2752	1996	8.130	0.328	1.919	0.521	0.930
194	0.172	3.839	14.487	1.634	0.560	0.390	155.680	0.807	0.583	498	1974	141.563	0.400	1.435	0.697	0.956
195	0.119	10.268	14.502	1.431	0.441	0.345	27.845	0.733	0.497	1385	2017	36.703	0.377	1.280	0.781	0.925
196	0.178	9.464	14.539	1.767	0.501	0.453	87.870	0.717	0.584	1280	1976	127.439	0.425	1.105	0.905	0.944
197	0.209	19.153	14.674	1.932	0.659	0.404	97.329	0.705	0.680	2621	1982	104.184	0.435	1.630	0.613	0.930
198	0.155	8.488	14.588	1.834	0.480	0.413	75.170	0.581	0.583	1145	2031	34.875	0.471	1.162	0.861	0.859
199	0.131	18.121	14.608	1.535	0.442	0.377	14.660	0.697	0.518	2475	2044	43.299	0.414	1.174	0.852	0.915
200	0.118	21.321	14.558	1.726	0.741	0.202	163.446	0.497	0.716	2893	2001	168.917	0.213	3.663	0.273	0.916
201	0.160	1.422	14.548	1.905	0.809	0.253	179.141	0.556	0.806	138	2004	176.392	0.254	3.202	0.312	0.947
202	0.125	4.655	14.710	1.405	0.415	0.383	32.604	0.794	0.458	612	2015	156.682	0.364	1.084	0.923	0.937
203	0.173	14.647	14.802	1.901	0.612	0.360	125.065	0.601	0.651	1989	2014	133.647	0.389	1.701	0.588	0.900
204	0.053	15.670	14.694	0.911	0.333	0.204	24.499	0.807	0.363	2140	2039	26.053	0.220	1.636	0.611	0.956
205	0.127	26.745	14.769	1.599	0.644	0.251	24.942	0.624	0.628	3650	2052	18.853	0.257	2.567	0.389	0.936
206	0.087	25.778	14.779	1.388	0.530	0.209	35.063	0.567	0.569	3526	2064	31.464	0.229	2.536	0.394	0.894
207	0.190	23.161	14.814	2.014	0.806	0.300	8.524	0.589	0.863	3135	2055	10.649	0.327	2.682	0.373	0.943
208	0.097	2.613	14.808	1.284	0.492	0.252	15.690	0.742	0.493	329	2054	19.767	0.260	1.954	0.512	0.950
209	0.088	12.918	14.873	1.211	0.423	0.264	29.062	0.752	0.442	1749	2059	18.138	0.285	1.600	0.625	0.907
210	0.065	24.535	14.850	1.002	0.346	0.240	30.738	0.816	0.377	3360	2059	22.620	0.256	1.444	0.693	0.937
211	0.043	23.746	14.807	0.869	0.289	0.190	172.062	0.719	0.312	3254	2036	176.009	0.195	1.519	0.659	0.910
212	0.101	17.214	14.935	1.286	0.424	0.303	126.553	0.765	0.453	2355	2038	129.806	0.341	1.399	0.715	0.931
213	0.120	12.019	14.931	1.325	0.453	0.337	27.432	0.857	0.475	1632	2079	34.418	0.353	1.345	0.743	0.958
214	0.112	13.742	15.027	1.415	0.532	0.269	92.987	0.704	0.529	1888	2035	99.462	0.275	1.977	0.506	0.937
215	0.104	29.249	14.918	1.367	0.533	0.247	160.669	0.697	0.529	4002	2045	151.327	0.254	2.155	0.464	0.937
216	0.082	22.503	14.947	1.140	0.399	0.262	21.290	0.794	0.410	3076	2065	8.130	0.269	1.525	0.656	0.938
217	0.292	5.573	15.074	2.340	0.879	0.424	16.052	0.671	0.872	707	2091	8.601	0.449	2.075	0.482	0.937
218	0.003	11.073	14.882	0.203	0.080	0.045	25.814	0.847	0.085	1522	2055	19.983	0.049	1.784	0.561	0.848
219	0.103	16.284	15.051	1.411	0.566	0.232	30.477	0.650	0.571	2214	2094	28.843	0.251	2.440	0.410	0.915
220	0.147	25.476	15.179	1.559	0.528	0.353	101.721	0.758	0.553	3508	2053	94.514	0.366	1.495	0.669	0.949
221	0.109	7.520	15.187	1.438	0.541	0.256	69.370	0.660	0.545	1024	2127	66.501	0.288	2.112	0.473	0.891
222	0.122	27.448	15.172	1.426	0.524	0.296	99.859	0.752	0.530	3775	2058	109.179	0.290	1.771	0.565	0.956
223	0.188	6.538	15.320	1.844	0.703	0.340	81.562	0.693	0.716	900	2164	78.917	0.352	2.071	0.483	0.938
224	0.172	8.276	15.269	1.663	0.542	0.403	48.488	0.780	0.589	1107	2132	34.472	0.407	1.347	0.742	0.951
225	0.008	23.654	15.062	0.366	0.130	0.081	30.600	0.778	0.141	3254	2084	34.509	0.091	1.595	0.627	0.878
226	0.064	15.534	15.220	1.084	0.393	0.208	96.085	0.686	0.417	2135	2071	107.176	0.234	1.893	0.528	0.893
227	0.129	20.250	15.253	1.838	0.792	0.208	150.143	0.480	0.765	2755	2076	148.570	0.238	3.810	0.262	0.888
228	0.107	9.905	15.253	1.289	0.452	0.302	95.066	0.812	0.459	1355	2076	111.297	0.304	1.494	0.670	0.962
229	0.060	10.593	15.186	0.984	0.313	0.245	154.553	0.782	0.352	1439	2084	143.366	0.256	1.277	0.783	0.937
230	0.084	24.843	15.249	1.221	0.479	0.224	9.660	0.709	0.475	3398	2119	21.477	0.231	2.138	0.468	0.941
231	0.105	22.112	15.320	1.291	0.466	0.288	38.397	0.795	0.464	3027	2137	38.660	0.307	1.616	0.619	0.945
232	0.123	19.483	15.364	1.390	0.452	0.348	41.650	0.803	0.483	2672	2149	62.281	0.342	1.301	0.769	0.951
233	0.218	1.491	15.477	1.903	0.600	0.463	37.217	0.758	0.635	161	2151	32.421	0.491	1.294	0.773	0.936
234	0.046	3.664	15.278	0.820	0.254	0.230	154.032	0.858	0.280	488	2096	158.749	0.236	1.103	0.907	0.938
235	0.130	11.082	15.335	1.570	0.571	0.289	0.376	0.660	0.590	1483	2117	174.359	0.340	1.973	0.507	0.900
236	0.099	4.475	15.346	1.321	0.427	0.295	11.866	0.713	0.460	587	2130	7.237	0.304	1.450	0.690	0.919
237	0.076	28.132	15.459	1.266	0.418	0.232	102.438	0.598	0.477	3874	2097	114.228	0.261	1.799	0.556	0.878
238	0.201	2.471	15.573	1.905	0.656	0.390	79.788	0.696	0.721	331	2198	77.221	0.425	1.685	0.594	0.930
239	0.349	21.292	15.592	2.438	0.750	0.592	48.192	0.737	0.841	2910	2209	66.088	0.593	1.267	0.789	0.951
240	0.062	9.037	15.423	0.984	0.290	0.272	123.246	0.805	0.326	1238	2147	73.179	0.264	1.067	0.937	0.941
241	0.090	28.665	15.422	1.164	0.382	0.299	161.516	0.833	0.397	3928	2120	165.203	0.304	1.279	0.782	0.943
242	0.085	18.228	15.430	1.283	0.408	0.264	151.307	0.647	0.479	2482	2124	159.647	0.304	1.544	0.648	0.895
243	0.099	12.491	15.455	1.243	0.419	0.300	142.184	0.803	0.449	1702	2110	142.206	0.319	1.400	0.715	0.953
244	0.070	23.672	15.369	1.130	0.445	0.202	179.929	0.694	0.433	3236	2123	13.570	0.203	2.205	0.453	0.944
245	0.138	17.539	15.515	1.558	0.511	0.345	127.219	0.716	0.560	2390	2114	131.326	0.393	1.481	0.675	0.920
246	0.125	22.767	15.574	1.474	0.548	0.290	70.844	0.721	0.574	3129	2187	69.274	0.297	1.890	0.529	0.933
247	0.109	14.685	15.540	1.345	0.490	0.284	55.537	0.759	0.511	2005	2169	51.340	0.300	1.724	0.580	0.947
248	0.118	27.080	15.477	1.416	0.508	0.297	173.688	0.742	0.546	3703	2122	163.009	0.319	1.709	0.585	0.943
249	0.093	13.150	15.500	1.174	0.398	0.298	162.582	0.849	0.423	1786	2130	157.834	0.312	1.332	0.751	0.959
250	0.065	26.454	15.526	1.075	0.354	0.234	81.590	0.708	0.380	3638	2167	55.098	0.261	1.508	0.663	0.924
251	0.177	15.935	15.690	1.731	0.627	0.360	125.467	0.743	0.661	2171	2125	127.875	0.398	1.743	0.574	0.948
252	0.072	11.842	15.623	1.130	0.404	0.225	151.818	0.704	0.415	1604	2146	163.780	0.247	1.792	0.558	0.917
253	0.113	3.528	15.853	1.432	0.512	0.282	63.242	0.695	0.514	471	2219	68.499	0.316	1.813	0.552	0.894
254	0.099	14.033	15.791	1.255	0.417	0.303	132.498	0.792	0.461	1909	2157	133.727	0.329	1.376	0.727	0.949
255	0.044	27.577	15.850	1.032	0.463	0.120	96.928	0.514	0.455	3799	2155	99.162	0.127	3.862	0.259	0.934
256	0.225	7.366	15.927	1.961	0.586	0.489	71.218	0.734	0.643	1000	2156	101.056	0.514	1.199	0.834	0.927
257	0.223	5.748	15.959	1.863	0.555	0.512	123.607	0.808	0.602	759	2175	129.629	0.517	1.083	0.923	0.957
258	0.002	8.753	15.723	0.162	0.062	0.043	131.408	1.000	0.067	1205	2165	130.601	0.046	1.437	0.696	0.889
259	0.069	24.455	15.890	1.017	0.302	0.292	126.867	0.842	0.333	3354	2185	163.540	0.298	1.036	0.965	0.939
260	0.221	9.881	15.967	1.931	0.659	0.427	176.017	0.745	0.666	1320	2219	14.490	0.436	1.542	0.648	0.938
261	0.146	20.689	15.986	1.534	0.448	0.413	133.471	0.777	0.513	2843	2170	108.947	0.407	1.085	0.922	0.938
262	0.054	4.048	15.931	0.938	0.274	0.250	5.785	0.770	0.304	539	2189	146.689	0.252	1.095	0.914	0.926
263	0.150	4.901	16.002	1.581	0.592	0.322	152.322	0.753	0.623	636	2186	156.714	0.352	1.840	0.543	0.951
264	0.092	24.918	16.025	1.214	0.381	0.309	124.827	0.787	0.423	3423	2185	128.047	0.339	1.231	0.813	0.939
265	0.153	10.754	16.105	1.618	0.588	0.331	118.732	0.733	0.600	1457	2190	132.553	0.331	1.779	0.562	0.939
266	0.049	17.216	15.973	0.852	0.273	0.227	90.816	0.842	0.292	2364	2185	113.385	0.225	1.201	0.833	0.959
267	0.075	12.036	16.033	1.117	0.384	0.248	122.272	0.754	0.419	1641	2192	127.266	0.271	1.546	0.647	0.940
268	0.194	19.634	16.069	2.105	0.781	0.316	172.255	0.550	0.774	2661	2197	167.005	0.332	2.471	0.405	0.921
269	0.072	17.921	16.044	1.079	0.325	0.282	22.032	0.776	0.353	2446	2214	15.461	0.301	1.154	0.867	0.929
270	0.118	22.781	16.108	1.508	0.566	0.265	18.045	0.652	0.560	3101	2225	4.456	0.267	2.133	0.469	0.925
271	0.094	7.987	16.172	1.276	0.503	0.238	55.688	0.726	0.495	1084	2262	55.146	0.247	2.113	0.473	0.948
272	0.190	12.934	16.246	1.797	0.581	0.415	152.553	0.738	0.658	1748	2217	154.564	0.461	1.401	0.714	0.944
273	0.110	15.058	16.232	1.316	0.422	0.332	94.080	0.800	0.448	2066	2266	67.166	0.330	1.272	0.786	0.941
274	0.126	21.630	16.293	1.719	0.496	0.324	153.625	0.536	0.615	2949	2211	145.561	0.402	1.533	0.652	0.815
275	0.113	26.183	16.241	1.294	0.427	0.338	136.132	0.850	0.451	3593	2216	117.801	0.335	1.261	0.793	0.951
276	0.173	16.475	16.233	1.726	0.658	0.335	177.403	0.731	0.697	2226	2234	176.424	0.345	1.965	0.509	0.942
277	0.074	8.531	16.218	1.092	0.383	0.247	5.946	0.780	0.398	1149	2235	169.509	0.254	1.552	0.644	0.946
278	0.140	1.230	16.336	1.658	0.501	0.356	16.301	0.641	0.577	143	2284	35.287	0.413	1.407	0.711	0.887
279	0.053	24.066	16.290	0.888	0.260	0.258	0.851	0.836	0.289	3307	2264	38.884	0.261	1.007	0.993	0.944
280	0.002	11.046	16.208	0.146	0.050	0.042	21.576	0.960	0.055	1520	2237	23.199	0.043	1.185	0.844	0.873
281	0.069	28.014	16.404	1.036	0.323	0.274	101.475	0.813	0.345	3858	2238	112.249	0.290	1.178	0.849	0.938
282	0.228	18.835	16.467	1.942	0.657	0.441	169.925	0.759	0.669	2553	2280	4.970	0.442	1.487	0.672	0.941
283	0.141	29.105	16.508	1.576	0.554	0.324	94.019	0.713	0.582	4013	2240	95.001	0.348	1.708	0.586	0.920
284	0.084	27.374	16.403	1.166	0.411	0.261	28.330	0.780	0.438	3748	2270	19.335	0.277	1.572	0.636	0.938
285	0.094	9.315	16.499	1.229	0.396	0.302	110.556	0.783	0.433	1283	2248	103.570	0.326	1.311	0.763	0.927
286	0.006	4.363	16.352	0.288	0.112	0.063	30.267	0.845	0.120	594	2259	25.017	0.071	1.781	0.561	0.887
287	0.077	20.204	16.511	1.121	0.388	0.251	55.080	0.766	0.422	2771	2305	61.232	0.256	1.546	0.647	0.938
288	0.074	23.291	16.508	1.139	0.356	0.263	152.541	0.712	0.379	3197	2260	136.548	0.304	1.355	0.738	0.887
289	0.102	2.611	16.501	1.277	0.444	0.293	159.260	0.788	0.461	330	2266	167.276	0.296	1.517	0.659	0.948
290	1.576E-4	15.845	16.352	0.041	0.017	0.012	45.000	1.000	0.021	2185	2257	45.000	0.014	1.464	0.683	0.857
291	0.231	6.628	16.680	1.948	0.641	0.459	88.845	0.766	0.678	887	2342	62.613	0.449	1.395	0.717	0.944
292	5.255E-4	9.800	16.411	0.082	0.030	0.023	71.565	0.982	0.032	1351	2262	116.565	0.026	1.316	0.760	0.769
293	0.081	21.160	16.652	1.128	0.403	0.256	113.394	0.800	0.436	2904	2270	122.106	0.266	1.575	0.635	0.959
294	0.318	17.914	16.725	2.320	0.712	0.569	8.079	0.742	0.786	2419	2287	175.236	0.611	1.252	0.798	0.956
295	0.110	10.665	16.654	1.316	0.454	0.307	160.034	0.796	0.500	1443	2281	156.038	0.326	1.478	0.677	0.957
296	0.101	14.022	16.638	1.381	0.502	0.256	20.510	0.666	0.521	1900	2313	16.164	0.256	1.957	0.511	0.925
297	0.078	25.448	16.648	1.106	0.336	0.296	130.330	0.802	0.370	3488	2282	156.949	0.308	1.133	0.882	0.931
298	0.038	3.183	16.707	0.798	0.287	0.168	100.716	0.749	0.316	434	2284	99.246	0.186	1.707	0.586	0.917
299	0.129	26.026	16.725	1.470	0.530	0.309	6.777	0.748	0.546	3552	2311	10.713	0.312	1.714	0.584	0.941
300	0.082	3.680	16.729	1.109	0.374	0.278	169.361	0.834	0.385	480	2314	11.944	0.278	1.345	0.743	0.961
301	0.083	4.892	16.860	1.433	0.614	0.172	58.910	0.508	0.598	651	2359	50.906	0.191	3.571	0.280	0.865
302	0.277	5.713	16.833	2.319	0.837	0.421	172.291	0.647	0.864	726	2315	162.933	0.428	1.986	0.503	0.938
303	0.071	4.510	16.828	1.031	0.312	0.292	147.111	0.844	0.336	604	2305	127.117	0.300	1.069	0.935	0.941
304	0.198	22.311	16.905	1.952	0.537	0.469	12.609	0.652	0.669	3034	2350	29.899	0.500	1.146	0.873	0.894
305	0.068	9.101	16.890	1.066	0.337	0.258	28.921	0.754	0.369	1230	2345	19.502	0.281	1.307	0.765	0.930
306	0.093	8.098	16.992	1.267	0.454	0.262	64.574	0.730	0.491	1100	2370	55.840	0.287	1.736	0.576	0.943
307	0.082	16.828	16.926	1.170	0.377	0.276	138.615	0.751	0.431	2299	2314	133.636	0.300	1.363	0.734	0.922
308	0.191	7.209	17.089	1.715	0.547	0.444	96.517	0.815	0.571	977	2392	72.255	0.446	1.231	0.812	0.957
309	0.118	15.780	16.968	1.455	0.533	0.283	150.175	0.704	0.537	2140	2327	158.629	0.299	1.883	0.531	0.909
310	0.150	24.068	17.090	1.651	0.518	0.369	123.448	0.692	0.577	3297	2327	141.116	0.394	1.402	0.713	0.918
311	0.215	0.836	17.091	2.110	0.648	0.422	142.796	0.607	0.670	73	2337	164.310	0.477	1.536	0.651	0.886
312	0.064	14.979	17.011	1.014	0.337	0.240	45.065	0.778	0.354	2056	2368	67.109	0.246	1.402	0.713	0.930
313	0.074	10.022	17.048	1.110	0.382	0.247	75.650	0.754	0.408	1383	2380	83.884	0.247	1.548	0.646	0.929
314	0.102	11.907	17.006	1.278	0.399	0.326	0.079	0.784	0.421	1617	2357	26.565	0.341	1.224	0.817	0.929
315	0.068	12.700	17.043	1.001	0.313	0.276	119.669	0.852	0.324	1750	2372	79.695	0.274	1.131	0.884	0.945
316	0.111	27.606	17.097	1.470	0.540	0.262	46.195	0.645	0.596	3787	2392	48.945	0.275	2.064	0.484	0.914
317	0.203	1.883	17.225	1.935	0.696	0.372	59.799	0.683	0.714	234	2420	60.832	0.399	1.870	0.535	0.900
318	0.123	28.556	17.083	1.424	0.470	0.332	176.680	0.760	0.510	3908	2366	11.470	0.330	1.415	0.707	0.946
319	0.192	19.656	17.154	2.281	0.871	0.281	163.333	0.465	0.955	2659	2349	164.592	0.307	3.097	0.323	0.914
320	0.108	10.955	17.186	1.315	0.454	0.304	91.944	0.787	0.454	1505	2402	77.074	0.311	1.494	0.670	0.938
321	0.151	21.651	17.296	1.608	0.580	0.331	107.922	0.733	0.584	2982	2345	104.381	0.334	1.749	0.572	0.937
322	0.130	27.025	17.249	1.470	0.469	0.352	147.770	0.753	0.509	3693	2370	160.017	0.393	1.332	0.751	0.951
323	3.678E-4	26.027	17.048	0.066	0.022	0.021	0.000	1.000	0.026	3590	2350	123.690	0.022	1.069	0.936	0.875
324	0.096	9.524	17.279	1.252	0.453	0.271	46.423	0.773	0.480	1290	2408	51.746	0.289	1.673	0.598	0.949
325	0.104	13.969	17.328	1.286	0.454	0.293	121.348	0.793	0.489	1913	2357	110.854	0.302	1.552	0.644	0.952
326	0.051	3.669	17.342	0.879	0.288	0.224	4.228	0.824	0.318	484	2398	11.821	0.239	1.283	0.779	0.935
327	0.376	2.690	17.605	2.609	0.914	0.524	152.964	0.694	0.964	326	2380	148.223	0.572	1.743	0.574	0.943
328	0.090	18.262	17.477	1.323	0.518	0.221	36.502	0.645	0.537	2484	2429	31.759	0.241	2.344	0.427	0.911
329	0.086	8.611	17.478	1.172	0.376	0.293	137.011	0.791	0.419	1160	2402	149.886	0.309	1.286	0.778	0.953
330	0.118	25.974	17.565	1.524	0.578	0.260	71.576	0.638	0.582	3580	2467	85.711	0.270	2.224	0.450	0.912
331	0.089	19.064	17.464	1.197	0.386	0.294	179.992	0.782	0.408	2603	2398	146.592	0.297	1.311	0.763	0.954
332	0.383	15.399	17.589	2.750	1.050	0.465	178.667	0.637	1.087	2048	2431	173.491	0.471	2.260	0.443	0.955
333	0.362	5.685	17.663	2.647	0.821	0.561	13.043	0.649	0.833	737	2478	40.764	0.569	1.463	0.684	0.929
334	0.090	20.847	17.505	1.202	0.435	0.263	14.664	0.781	0.434	2854	2435	33.425	0.267	1.655	0.604	0.950
335	0.244	13.324	17.697	1.998	0.558	0.556	152.577	0.767	0.642	1803	2416	143.259	0.563	1.003	0.997	0.933
336	0.070	25.101	17.557	1.048	0.330	0.269	109.665	0.798	0.358	3462	2446	83.019	0.266	1.229	0.813	0.933
337	0.143	10.470	17.677	1.825	0.673	0.271	138.636	0.541	0.730	1424	2398	130.972	0.331	2.479	0.403	0.903
338	0.173	16.458	17.598	1.677	0.545	0.403	156.364	0.772	0.590	2236	2402	142.989	0.413	1.353	0.739	0.947
339	2.102E-4	20.021	17.462	0.041	0.016	0.016	0.000	1.000	0.021	2761	2408	135.000	0.014	1.000	1.000	1.000
340	0.083	23.757	17.635	1.137	0.375	0.283	18.008	0.811	0.411	3250	2440	14.281	0.297	1.323	0.756	0.930
341	0.085	27.867	17.796	1.450	0.487	0.222	64.039	0.507	0.541	3823	2495	72.051	0.269	2.196	0.455	0.832
342	0.222	17.292	17.811	2.011	0.720	0.392	179.636	0.689	0.741	2333	2444	170.998	0.428	1.836	0.545	0.914
343	0.058	27.336	17.737	0.931	0.298	0.248	169.788	0.840	0.325	3752	2435	141.340	0.247	1.201	0.833	0.956
344	0.075	8.160	17.764	1.094	0.328	0.293	30.806	0.791	0.368	1104	2460	32.125	0.304	1.119	0.894	0.941
345	0.067	12.434	17.783	1.045	0.350	0.244	2.794	0.771	0.367	1692	2466	22.011	0.252	1.430	0.699	0.939
346	0.102	22.510	17.797	1.412	0.545	0.238	161.134	0.642	0.565	3068	2442	155.739	0.249	2.288	0.437	0.922
347	0.078	7.331	17.851	1.408	0.525	0.188	125.688	0.492	0.545	991	2438	123.056	0.229	2.793	0.358	0.825
348	0.103	19.847	17.868	1.313	0.409	0.322	143.209	0.753	0.460	2716	2444	146.560	0.358	1.270	0.787	0.935
349	0.071	4.779	17.771	1.127	0.405	0.223	3.128	0.702	0.423	634	2445	174.094	0.250	1.812	0.552	0.934
350	0.103	11.305	17.850	1.284	0.418	0.312	164.410	0.782	0.432	1532	2461	7.722	0.317	1.337	0.748	0.942
351	0.152	9.312	17.954	1.542	0.470	0.412	48.949	0.804	0.496	1275	2510	74.745	0.432	1.140	0.877	0.933
352	0.074	4.075	17.933	1.178	0.405	0.234	65.770	0.673	0.473	556	2506	69.341	0.246	1.731	0.578	0.920
353	0.077	26.750	17.935	1.257	0.477	0.206	159.767	0.612	0.496	3657	2456	151.189	0.231	2.322	0.431	0.911
354	0.098	18.088	18.092	1.301	0.476	0.261	74.674	0.724	0.484	2480	2525	60.362	0.278	1.821	0.549	0.922
355	0.293	21.301	18.413	2.592	1.099	0.340	96.533	0.549	1.045	2913	2477	108.184	0.357	3.233	0.309	0.926
356	0.375	15.666	18.316	2.736	1.000	0.477	16.823	0.629	1.024	2102	2571	31.103	0.524	2.094	0.478	0.896
357	0.144	9.948	18.317	1.657	0.609	0.301	59.259	0.660	0.665	1349	2572	60.642	0.339	2.022	0.494	0.922
358	0.078	24.539	18.185	1.257	0.476	0.207	18.931	0.617	0.475	3353	2509	12.339	0.214	2.296	0.436	0.893
359	0.157	18.673	18.263	1.612	0.592	0.338	164.241	0.761	0.618	2537	2499	157.949	0.353	1.752	0.571	0.950
360	0.251	23.367	18.412	2.041	0.661	0.484	171.224	0.758	0.740	3177	2549	2.246	0.508	1.366	0.732	0.945
361	0.333	1.073	18.476	3.328	1.345	0.315	22.337	0.378	1.306	68	2591	25.996	0.346	4.264	0.235	0.899
362	0.112	28.744	18.281	1.557	0.642	0.221	172.034	0.578	0.660	3921	2515	171.158	0.239	2.900	0.345	0.926
363	0.394	5.653	18.631	2.619	0.877	0.572	91.335	0.722	0.905	754	2627	68.369	0.568	1.533	0.652	0.943
364	0.235	22.217	18.477	1.954	0.598	0.500	18.882	0.772	0.641	3034	2577	43.625	0.513	1.195	0.837	0.950
365	0.382	13.279	18.439	3.079	1.269	0.384	5.762	0.507	1.222	1758	2573	14.778	0.400	3.308	0.302	0.902
366	4.729E-4	6.237	18.295	0.076	0.028	0.021	110.301	1.000	0.032	859	2522	116.565	0.022	1.340	0.746	0.857
367	4.729E-4	0.893	18.365	0.076	0.030	0.020	144.217	1.000	0.036	121	2532	143.130	0.022	1.542	0.648	0.857
368	0.282	6.691	18.646	2.169	0.724	0.495	178.425	0.753	0.807	868	2578	4.122	0.523	1.461	0.685	0.937
369	0.133	8.118	18.563	1.621	0.628	0.270	30.403	0.637	0.674	1077	2584	25.463	0.303	2.323	0.430	0.922
370	0.217	26.446	18.759	2.124	0.773	0.357	40.421	0.603	0.842	3607	2622	42.207	0.419	2.166	0.462	0.888
371	0.266	2.530	18.772	2.109	0.661	0.513	92.545	0.752	0.702	326	2547	121.065	0.506	1.290	0.775	0.934
372	0.194	19.397	18.653	1.796	0.630	0.391	9.947	0.754	0.636	2633	2562	172.794	0.399	1.612	0.620	0.938
373	0.090	25.037	18.604	1.271	0.423	0.270	16.735	0.697	0.462	3426	2571	9.019	0.295	1.567	0.638	0.888
374	0.401	4.568	18.811	2.562	0.786	0.650	172.294	0.769	0.821	583	2567	137.148	0.667	1.208	0.828	0.946
375	0.177	11.578	18.656	2.091	0.846	0.267	179.860	0.510	0.871	1533	2585	2.862	0.281	3.166	0.316	0.914
376	0.280	16.960	18.769	2.215	0.821	0.435	3.416	0.718	0.813	2286	2589	2.556	0.442	1.888	0.530	0.935
377	0.002	17.392	18.573	0.181	0.068	0.044	119.482	0.907	0.075	2396	2558	119.055	0.049	1.555	0.643	0.891
378	0.048	3.439	18.660	0.873	0.309	0.196	16.961	0.787	0.338	452	2576	14.931	0.216	1.577	0.634	0.945
379	0.142	27.555	18.823	1.532	0.554	0.325	170.212	0.758	0.579	3765	2586	167.705	0.331	1.705	0.586	0.941
380	0.088	20.432	18.917	1.225	0.400	0.280	162.207	0.738	0.418	2793	2596	141.340	0.305	1.428	0.700	0.894
381	0.001	18.123	18.909	0.132	0.047	0.035	42.015	0.954	0.052	2497	2610	33.690	0.041	1.328	0.753	0.862
382	0.057	10.709	19.085	1.197	0.452	0.160	159.900	0.498	0.481	1452	2616	156.915	0.199	2.821	0.355	0.843
383	0.108	18.167	19.081	1.363	0.488	0.283	175.607	0.734	0.489	2470	2635	11.976	0.291	1.728	0.579	0.941
384	0.089	28.305	19.227	1.346	0.488	0.234	96.313	0.621	0.509	3895	2614	94.086	0.268	2.089	0.479	0.902
385	0.079	13.534	19.195	1.144	0.380	0.264	119.387	0.757	0.416	1845	2627	138.532	0.264	1.438	0.695	0.935
386	0.115	9.428	19.227	1.693	0.698	0.209	4.978	0.503	0.669	1252	2648	4.970	0.236	3.333	0.300	0.840
387	0.120	22.588	19.341	1.478	0.560	0.273	45.442	0.692	0.586	3085	2690	40.986	0.297	2.051	0.488	0.928
388	0.164	0.987	19.324	1.655	0.604	0.345	167.731	0.750	0.640	92	2663	175.452	0.361	1.750	0.572	0.951
389	0.117	21.455	19.406	1.467	0.472	0.317	118.375	0.685	0.535	2952	2639	105.732	0.348	1.491	0.671	0.880
390	0.091	15.250	19.381	1.535	0.666	0.175	156.901	0.488	0.640	2063	2658	160.128	0.192	3.810	0.262	0.886
391	0.136	23.738	19.429	1.538	0.538	0.323	20.805	0.725	0.584	3239	2695	14.381	0.337	1.669	0.599	0.933
392	0.106	24.897	19.424	1.489	0.542	0.250	143.685	0.602	0.576	3404	2661	143.707	0.286	2.172	0.460	0.887
393	0.182	25.913	19.444	1.947	0.713	0.326	167.251	0.604	0.770	3529	2671	161.906	0.350	2.188	0.457	0.917
394	0.193	19.164	19.521	1.800	0.638	0.385	18.986	0.748	0.649	2608	2722	29.427	0.396	1.658	0.603	0.943
395	0.054	7.926	19.448	0.902	0.289	0.239	32.894	0.838	0.323	1077	2698	45.909	0.248	1.207	0.828	0.959
396	0.109	6.590	19.519	1.446	0.559	0.249	25.836	0.657	0.558	872	2702	24.567	0.253	2.246	0.445	0.929
397	0.106	26.957	19.516	1.446	0.574	0.235	159.112	0.636	0.583	3679	2679	158.860	0.252	2.446	0.409	0.928
398	0.084	4.139	19.741	1.213	0.432	0.247	19.791	0.717	0.463	537	2731	17.301	0.255	1.747	0.572	0.913
399	0.079	5.311	19.761	1.162	0.428	0.236	4.369	0.739	0.454	699	2731	8.259	0.245	1.810	0.553	0.928
400	0.068	3.123	19.829	1.168	0.482	0.179	153.876	0.624	0.483	401	2718	147.265	0.196	2.694	0.371	0.926
401	0.060	1.923	19.925	0.962	0.306	0.249	117.342	0.812	0.332	247	2733	148.392	0.263	1.231	0.813	0.929
