 	Area	X	Y	Perim.	Major	Minor	Angle	Circ.	Feret	FeretX	FeretY	FeretAngle	MinFeret	AR	Round	Solidity
1	0.001	8.565	0.032	0.116	0.043	0.034	134.999	1.000	0.046	1342	2	123.690	0.036	1.263	0.792	0.903
2	3.656E-4	4.809	0.211	0.067	0.025	0.019	110.301	1.000	0.029	754	31	116.565	0.019	1.340	0.746	0.857
3	0.460	25.524	0.827	2.704	0.843	0.695	145.471	0.790	0.887	3934	118	172.569	0.708	1.213	0.824	0.952
4	0.002	2.289	0.518	0.154	0.062	0.032	6.393	0.819	0.065	354	82	11.310	0.032	1.947	0.514	0.894
5	5.686E-4	12.843	0.515	0.083	0.030	0.024	144.485	1.000	0.036	2013	79	135.000	0.025	1.239	0.807	0.933
6	1.625E-4	2.938	0.516	0.036	0.014	0.014	0.000	1.000	0.018	460	80	135.000	0.013	1.000	1.000	1.000
7	6.499E-4	24.878	0.607	0.094	0.030	0.028	60.767	0.927	0.034	3902	93	111.801	0.031	1.076	0.929	0.821
8	0.422	23.798	0.940	2.722	1.009	0.533	9.112	0.717	1.055	3656	171	11.853	0.591	1.891	0.529	0.953
9	0.714	21.831	1.107	3.458	1.222	0.743	173.628	0.750	1.258	3331	166	3.775	0.793	1.644	0.608	0.955
10	0.427	16.426	1.231	2.857	1.111	0.489	55.406	0.657	1.128	2528	267	57.926	0.504	2.273	0.440	0.941
11	1.549	1.452	1.410	5.211	1.833	1.076	154.641	0.717	1.845	90	162	148.561	1.092	1.704	0.587	0.954
12	0.455	19.907	1.115	2.958	1.094	0.530	18.173	0.654	1.119	3036	206	18.951	0.539	2.065	0.484	0.932
13	1.625E-4	3.040	0.867	0.036	0.014	0.014	0.000	1.000	0.018	476	135	135.000	0.013	1.000	1.000	1.000
14	0.002	3.090	0.898	0.158	0.055	0.042	102.675	0.925	0.060	482	137	122.005	0.045	1.314	0.761	0.909
15	0.517	5.293	1.329	3.133	1.126	0.584	133.500	0.661	1.204	763	140	133.498	0.620	1.926	0.519	0.944
16	0.685	7.036	1.446	3.423	0.978	0.891	13.133	0.734	1.096	1024	278	17.592	0.925	1.097	0.912	0.957
17	0.882	8.866	1.383	4.046	1.407	0.798	177.340	0.677	1.443	1287	229	3.292	0.871	1.763	0.567	0.926
18	0.675	10.941	1.340	3.803	1.430	0.601	175.598	0.587	1.511	1606	217	5.326	0.661	2.379	0.420	0.904
19	0.775	3.373	1.419	3.929	1.285	0.768	177.055	0.631	1.384	428	230	6.078	0.797	1.672	0.598	0.928
20	0.655	13.127	1.402	3.566	1.267	0.658	166.183	0.647	1.346	1959	214	171.832	0.705	1.926	0.519	0.934
21	2.437E-4	12.061	1.115	0.049	0.022	0.014	0.000	1.000	0.023	1891	174	146.310	0.013	1.500	0.667	1.000
22	0.496	15.205	1.413	2.926	1.094	0.578	166.934	0.729	1.101	2298	204	160.726	0.607	1.894	0.528	0.955
23	2.031E-4	10.172	1.126	0.049	0.020	0.013	71.565	1.000	0.023	1595	178	56.310	0.013	1.553	0.644	0.909
24	0.309	18.113	1.391	2.274	0.790	0.498	14.924	0.752	0.850	2777	231	12.995	0.511	1.586	0.631	0.949
25	4.468E-4	7.929	1.335	0.071	0.028	0.020	164.929	1.000	0.032	1242	208	143.130	0.019	1.372	0.729	0.957
26	0.004	21.464	1.436	0.263	0.102	0.056	12.611	0.814	0.103	3360	228	21.801	0.061	1.824	0.548	0.902
27	0.001	25.097	1.792	0.116	0.038	0.036	90.000	0.993	0.043	3937	278	116.565	0.038	1.065	0.939	0.867
28	8.123E-4	7.520	1.835	0.108	0.035	0.030	134.999	0.873	0.040	1179	285	108.435	0.034	1.156	0.865	0.769
29	5.686E-4	15.366	1.982	0.080	0.031	0.023	45.000	1.000	0.036	2409	313	45.000	0.025	1.319	0.758	0.933
30	7.311E-4	18.720	2.194	0.094	0.032	0.029	25.406	1.000	0.037	2935	346	30.964	0.032	1.130	0.885	0.857
31	0.330	13.776	2.881	2.485	0.937	0.448	105.168	0.672	0.937	2146	377	101.768	0.460	2.092	0.478	0.944
32	0.183	24.433	2.571	2.083	0.837	0.278	169.664	0.530	0.847	3770	393	166.068	0.301	3.005	0.333	0.931
33	0.220	20.695	2.746	1.899	0.637	0.440	149.814	0.768	0.658	3201	404	158.405	0.456	1.448	0.691	0.949
34	5.280E-4	19.445	2.544	0.076	0.028	0.024	135.000	1.000	0.032	3050	397	126.870	0.025	1.159	0.863	0.897
35	0.279	19.297	2.959	2.233	0.825	0.430	107.191	0.702	0.861	3010	400	105.887	0.465	1.921	0.521	0.950
36	0.468	12.266	2.965	2.799	0.875	0.681	41.369	0.751	0.974	1856	502	30.256	0.720	1.284	0.779	0.941
37	0.092	21.745	2.723	1.197	0.412	0.284	9.691	0.808	0.428	3380	431	4.268	0.287	1.451	0.689	0.942
38	0.323	23.063	2.857	2.285	0.826	0.497	17.335	0.776	0.831	3558	474	20.659	0.519	1.660	0.602	0.966
39	0.698	17.129	2.970	3.719	1.369	0.649	172.796	0.634	1.449	2578	433	167.553	0.678	2.109	0.474	0.933
40	0.457	10.556	3.048	2.943	1.052	0.553	10.718	0.663	1.114	1578	512	11.889	0.560	1.901	0.526	0.948
41	2.843E-4	22.602	2.742	0.058	0.020	0.018	0.000	1.000	0.023	3545	429	123.690	0.019	1.069	0.936	0.875
42	0.301	5.479	3.045	2.296	0.658	0.583	118.954	0.719	0.756	833	434	114.404	0.629	1.128	0.886	0.950
43	0.259	8.799	3.135	1.993	0.668	0.493	25.133	0.819	0.696	1331	518	15.945	0.510	1.354	0.738	0.955
44	0.231	15.210	3.074	2.004	0.697	0.421	170.181	0.721	0.731	2326	465	167.417	0.440	1.657	0.603	0.948
45	0.371	7.254	3.135	2.606	0.968	0.487	13.594	0.685	1.033	1058	506	14.294	0.529	1.987	0.503	0.940
46	0.361	4.060	3.219	2.368	0.805	0.572	24.076	0.810	0.851	576	532	22.917	0.592	1.407	0.711	0.958
47	0.316	2.679	3.211	2.600	1.031	0.390	160.526	0.588	1.013	346	487	167.276	0.422	2.642	0.378	0.922
48	0.394	0.938	3.449	2.631	0.921	0.545	163.522	0.716	1.008	75	526	166.842	0.582	1.692	0.591	0.951
49	0.349	25.333	3.563	2.554	1.007	0.441	137.634	0.672	1.010	3906	516	144.504	0.451	2.283	0.438	0.945
50	5.686E-4	13.583	3.213	0.081	0.030	0.024	155.642	1.000	0.034	2129	503	158.199	0.025	1.264	0.791	0.848
51	0.001	4.907	3.237	0.119	0.041	0.037	164.590	1.000	0.046	767	506	146.310	0.038	1.107	0.903	0.892
52	0.228	23.512	3.732	1.978	0.712	0.408	9.183	0.733	0.756	3630	604	17.671	0.433	1.747	0.573	0.943
53	0.001	11.595	3.596	0.123	0.045	0.032	108.194	0.943	0.050	1817	561	129.806	0.032	1.408	0.710	0.903
54	4.874E-4	6.795	3.625	0.076	0.027	0.023	19.805	1.000	0.032	1064	570	36.870	0.025	1.135	0.881	0.857
55	0.271	20.536	3.998	2.292	0.833	0.415	140.681	0.649	0.897	3174	575	137.015	0.452	2.010	0.498	0.911
56	1.219E-4	18.982	3.757	0.044	0.022	0.007	90.000	0.809	0.020	2978	588	108.435	0.006	3.000	0.333	1.000
57	0.258	21.857	3.954	2.342	0.908	0.362	170.539	0.592	0.930	3352	612	173.313	0.385	2.507	0.399	0.905
58	8.123E-5	19.164	3.814	0.027	0.014	0.007	0.000	1.000	0.014	3006	598	153.435	0.006	2.000	0.500	1.000
59	0.232	19.020	4.144	2.143	0.773	0.382	31.240	0.635	0.822	2922	683	35.538	0.422	2.024	0.494	0.926
60	5.686E-4	15.565	3.945	0.080	0.027	0.027	90.000	1.000	0.032	2441	617	126.870	0.025	1.020	0.981	0.933
61	0.001	6.298	3.970	0.121	0.044	0.036	149.665	1.000	0.049	985	621	156.801	0.038	1.226	0.816	0.870
62	0.239	10.483	4.412	1.970	0.699	0.435	104.626	0.773	0.725	1632	633	104.769	0.466	1.605	0.623	0.957
63	0.334	17.234	4.347	2.533	0.848	0.502	174.474	0.655	0.938	2629	675	170.218	0.557	1.691	0.592	0.925
64	0.350	8.822	4.357	2.591	1.004	0.444	10.204	0.655	1.038	1300	698	8.826	0.463	2.260	0.442	0.951
65	0.451	13.863	4.427	3.137	1.208	0.476	18.878	0.576	1.189	2095	724	17.464	0.553	2.539	0.394	0.875
66	1.219E-4	9.782	4.122	0.036	0.015	0.010	45.000	1.000	0.018	1534	648	45.000	0.013	1.464	0.683	0.857
67	0.243	15.529	4.406	1.984	0.645	0.480	0.669	0.777	0.703	2376	688	175.323	0.521	1.343	0.745	0.952
68	0.290	12.088	4.524	2.305	0.723	0.511	158.554	0.686	0.807	1843	674	151.209	0.549	1.415	0.707	0.907
69	8.123E-5	13.444	4.257	0.031	0.014	0.007	90.000	1.000	0.014	2109	667	116.565	0.006	2.000	0.500	1.000
70	0.353	5.625	4.634	2.696	1.081	0.416	32.680	0.610	1.077	813	775	32.185	0.439	2.601	0.385	0.915
71	0.004	24.077	4.321	0.219	0.072	0.064	8.160	0.957	0.080	3773	682	28.610	0.064	1.128	0.887	0.933
72	0.778	4.095	4.813	3.622	1.215	0.815	142.390	0.746	1.293	561	706	141.605	0.838	1.491	0.671	0.954
73	0.260	7.185	4.605	2.294	0.880	0.376	179.280	0.621	0.902	1060	721	174.732	0.425	2.337	0.428	0.920
74	3.249E-4	19.001	4.476	0.058	0.023	0.018	45.000	1.000	0.027	2980	704	45.000	0.019	1.229	0.814	0.941
75	0.378	25.275	4.819	2.582	0.939	0.513	179.159	0.713	0.941	3891	754	5.440	0.547	1.829	0.547	0.934
76	1.625E-4	9.891	4.659	0.036	0.014	0.014	0.000	1.000	0.018	1551	730	135.000	0.013	1.000	1.000	1.000
77	0.279	2.581	4.919	2.171	0.735	0.483	9.016	0.743	0.772	352	787	10.939	0.508	1.524	0.656	0.948
78	0.468	0.879	5.107	2.733	0.849	0.702	56.556	0.786	0.896	125	871	66.534	0.717	1.209	0.827	0.957
79	0.002	15.718	4.752	0.173	0.063	0.047	117.280	0.967	0.069	2464	741	111.801	0.051	1.336	0.748	0.891
80	3.656E-4	6.555	4.796	0.062	0.022	0.022	0.000	1.000	0.027	1027	751	135.000	0.019	1.000	1.000	1.000
81	0.568	23.198	5.221	3.201	1.163	0.622	173.908	0.696	1.200	3551	823	173.290	0.646	1.870	0.535	0.958
82	0.255	21.665	5.358	2.183	0.767	0.423	69.193	0.672	0.805	3386	905	79.046	0.464	1.812	0.552	0.915
83	0.002	14.609	5.040	0.168	0.057	0.049	172.421	0.975	0.060	2288	789	161.565	0.051	1.162	0.861	0.885
84	0.004	13.183	5.230	0.242	0.082	0.069	2.082	0.946	0.087	2062	818	162.897	0.070	1.187	0.843	0.908
85	2.843E-4	1.444	5.263	0.058	0.020	0.018	0.000	1.000	0.023	226	824	123.690	0.019	1.069	0.936	0.875
86	3.249E-4	2.705	5.306	0.058	0.023	0.018	135.000	1.000	0.027	423	831	135.000	0.019	1.229	0.814	0.941
87	0.004	10.647	5.346	0.212	0.072	0.063	4.147	0.991	0.077	1665	841	24.444	0.064	1.139	0.878	0.921
88	0.266	14.757	5.581	2.152	0.796	0.426	23.746	0.722	0.821	2249	887	13.928	0.439	1.869	0.535	0.948
89	0.283	16.415	5.646	2.211	0.798	0.451	130.888	0.726	0.829	2531	844	129.072	0.460	1.772	0.564	0.949
90	0.414	11.827	5.759	2.710	0.935	0.564	34.844	0.709	0.961	1787	947	25.545	0.575	1.660	0.603	0.934
91	0.101	20.391	5.473	1.341	0.484	0.265	178.975	0.704	0.510	3161	853	2.862	0.269	1.827	0.547	0.928
92	0.235	19.102	5.625	1.947	0.689	0.434	15.003	0.779	0.708	2948	909	17.292	0.447	1.588	0.630	0.957
93	0.279	10.413	5.798	2.110	0.741	0.479	89.096	0.786	0.769	1622	848	96.183	0.502	1.547	0.647	0.960
94	0.394	13.185	5.708	2.627	0.978	0.513	18.810	0.717	1.027	1996	928	21.471	0.549	1.906	0.525	0.960
95	3.249E-4	7.249	5.443	0.067	0.022	0.019	90.000	0.914	0.026	1137	852	104.036	0.019	1.195	0.837	0.800
96	0.325	17.610	5.739	2.411	0.856	0.483	162.663	0.703	0.917	2700	876	160.935	0.509	1.772	0.564	0.930
97	0.063	9.224	5.866	1.035	0.369	0.219	150.710	0.745	0.403	1422	903	148.570	0.230	1.686	0.593	0.945
98	0.115	6.710	5.897	1.493	0.566	0.259	10.471	0.649	0.569	1005	928	9.673	0.258	2.183	0.458	0.932
99	0.211	7.870	5.994	1.866	0.644	0.418	9.575	0.763	0.680	1182	944	6.459	0.439	1.542	0.648	0.946
100	0.148	5.772	6.148	1.582	0.554	0.340	44.629	0.742	0.579	877	1001	40.533	0.364	1.630	0.614	0.935
101	0.002	8.382	5.966	0.150	0.055	0.039	114.238	0.951	0.060	1313	932	122.005	0.044	1.394	0.717	0.894
102	0.068	4.798	6.194	1.131	0.426	0.204	52.274	0.671	0.430	736	1004	50.412	0.228	2.083	0.480	0.892
103	0.289	3.710	6.301	2.364	0.799	0.460	168.959	0.650	0.861	512	965	172.770	0.488	1.735	0.576	0.907
104	0.440	0.897	6.509	2.687	0.925	0.606	157.061	0.766	0.993	72	988	156.560	0.654	1.527	0.655	0.959
105	5.280E-4	12.393	6.188	0.085	0.029	0.023	142.161	0.922	0.034	1942	970	158.199	0.025	1.287	0.777	0.812
106	4.874E-4	6.291	6.229	0.080	0.032	0.020	6.642	0.967	0.034	985	976	158.199	0.019	1.610	0.621	0.889
107	4.874E-4	7.202	6.233	0.072	0.025	0.025	0.000	1.000	0.029	1129	976	116.565	0.025	1.000	1.000	0.857
108	0.094	2.410	6.483	1.259	0.440	0.272	169.570	0.744	0.464	342	1009	161.565	0.289	1.621	0.617	0.931
109	0.132	23.270	6.619	1.510	0.561	0.300	40.679	0.728	0.588	3616	1069	40.601	0.321	1.871	0.534	0.943
110	0.059	25.223	6.517	0.962	0.341	0.219	1.039	0.797	0.349	3933	1013	165.203	0.229	1.558	0.642	0.944
111	0.060	25.803	6.549	0.981	0.330	0.231	35.169	0.783	0.350	4025	1045	33.111	0.239	1.428	0.700	0.935
112	0.182	24.339	6.615	1.859	0.694	0.333	15.389	0.660	0.721	3767	1064	27.924	0.339	2.082	0.480	0.930
113	0.070	22.356	6.566	1.071	0.406	0.221	170.881	0.772	0.409	3477	1027	169.216	0.221	1.841	0.543	0.954
114	0.091	21.648	6.600	1.216	0.412	0.282	172.010	0.773	0.433	3363	1027	160.233	0.293	1.462	0.684	0.951
115	0.136	18.734	6.729	1.481	0.484	0.357	8.775	0.778	0.509	2896	1061	15.255	0.371	1.354	0.739	0.950
116	0.075	21.000	6.686	1.161	0.427	0.225	153.162	0.704	0.465	3262	1031	151.327	0.263	1.893	0.528	0.924
117	0.074	20.480	6.711	1.057	0.350	0.268	132.488	0.828	0.365	3188	1039	143.531	0.268	1.308	0.764	0.949
118	0.063	19.751	6.706	1.046	0.369	0.218	148.779	0.724	0.402	3070	1032	150.593	0.244	1.692	0.591	0.929
119	0.076	14.401	6.707	1.136	0.401	0.240	0.920	0.736	0.409	2227	1049	4.467	0.249	1.668	0.599	0.931
120	0.210	8.828	6.825	1.785	0.603	0.443	164.943	0.828	0.648	1335	1056	166.921	0.459	1.361	0.735	0.961
121	0.310	10.173	6.957	2.330	0.814	0.486	55.683	0.719	0.880	1561	1153	55.620	0.505	1.675	0.597	0.942
122	0.276	13.003	6.916	2.303	0.880	0.400	146.716	0.655	0.923	1979	1044	147.407	0.436	2.203	0.454	0.937
123	0.161	17.410	6.862	1.677	0.526	0.389	21.497	0.718	0.563	2693	1105	43.625	0.400	1.354	0.739	0.924
124	0.002	11.951	6.676	0.158	0.053	0.046	24.555	0.966	0.059	1872	1051	40.601	0.045	1.148	0.871	0.922
125	0.162	11.551	6.904	1.752	0.563	0.367	147.203	0.665	0.619	1778	1054	139.591	0.423	1.532	0.653	0.893
126	0.298	15.820	6.954	2.339	0.898	0.423	0.581	0.685	0.895	2410	1084	171.812	0.423	2.122	0.471	0.942
127	3.249E-4	22.813	6.756	0.067	0.022	0.019	90.000	0.914	0.026	3579	1058	104.036	0.019	1.195	0.837	0.800
128	0.203	6.598	7.104	1.869	0.647	0.399	105.966	0.729	0.660	1023	1062	100.008	0.424	1.622	0.616	0.928
129	0.102	7.690	7.028	1.299	0.422	0.308	98.940	0.762	0.450	1206	1141	77.735	0.320	1.370	0.730	0.940
130	0.081	5.485	7.148	1.124	0.364	0.285	4.706	0.810	0.389	831	1128	10.389	0.309	1.279	0.782	0.937
131	0.241	3.536	7.282	1.992	0.599	0.512	162.991	0.762	0.642	512	1112	155.980	0.522	1.170	0.855	0.933
132	0.158	4.678	7.233	1.642	0.605	0.333	168.270	0.737	0.619	689	1115	161.378	0.349	1.816	0.551	0.943
133	0.211	2.459	7.395	1.836	0.640	0.419	60.680	0.786	0.642	348	1196	53.471	0.420	1.528	0.654	0.956
134	2.031E-4	11.115	7.216	0.049	0.020	0.013	108.435	1.000	0.023	1743	1131	123.690	0.013	1.553	0.644	0.909
135	0.190	0.903	7.637	1.792	0.587	0.412	13.040	0.744	0.607	97	1200	4.214	0.432	1.425	0.702	0.935
136	0.168	18.922	7.620	1.659	0.561	0.382	167.516	0.768	0.597	2923	1183	163.887	0.408	1.471	0.680	0.940
137	0.208	10.212	7.678	1.869	0.643	0.411	172.882	0.746	0.677	1553	1216	3.778	0.445	1.564	0.639	0.948
138	0.077	25.580	7.655	1.094	0.373	0.261	111.813	0.805	0.378	4003	1172	111.801	0.266	1.430	0.699	0.929
139	0.211	15.271	7.717	1.836	0.643	0.417	147.946	0.785	0.681	2347	1180	148.392	0.439	1.543	0.648	0.957
140	0.138	17.994	7.743	1.558	0.535	0.329	152.069	0.715	0.566	2781	1213	160.953	0.357	1.629	0.614	0.924
141	0.143	21.439	7.824	1.738	0.674	0.270	131.357	0.595	0.702	3328	1183	129.472	0.304	2.493	0.401	0.902
142	0.162	23.279	7.790	1.542	0.511	0.402	139.823	0.853	0.523	3619	1198	142.431	0.402	1.271	0.787	0.959
143	0.086	22.467	7.778	1.214	0.441	0.248	83.900	0.731	0.454	3522	1257	79.479	0.265	1.780	0.562	0.923
144	1.625E-4	5.430	7.578	0.036	0.014	0.014	0.000	1.000	0.018	851	1188	135.000	0.013	1.000	1.000	1.000
145	1.625E-4	14.416	7.578	0.036	0.014	0.014	0.000	1.000	0.018	2261	1188	135.000	0.013	1.000	1.000	1.000
146	0.120	20.249	7.724	1.560	0.575	0.266	169.395	0.621	0.626	3126	1202	165.256	0.300	2.160	0.463	0.916
147	0.068	13.593	7.745	1.015	0.336	0.259	3.378	0.833	0.360	2106	1209	166.701	0.271	1.293	0.773	0.943
148	0.127	12.583	7.789	1.513	0.515	0.314	168.377	0.697	0.546	1928	1220	163.045	0.340	1.639	0.610	0.925
149	0.060	14.393	7.767	0.987	0.361	0.211	37.979	0.773	0.375	2238	1240	41.553	0.234	1.709	0.585	0.941
150	0.147	11.450	7.873	1.511	0.483	0.387	43.520	0.810	0.513	1759	1254	34.875	0.403	1.249	0.801	0.945
151	0.062	24.047	7.801	1.047	0.359	0.219	143.940	0.709	0.393	3758	1200	125.754	0.222	1.634	0.612	0.910
152	0.059	24.754	7.809	0.942	0.312	0.241	170.682	0.838	0.326	3859	1218	167.593	0.248	1.294	0.773	0.948
153	0.188	8.901	7.963	1.803	0.650	0.368	32.637	0.726	0.698	1347	1277	33.835	0.399	1.766	0.566	0.953
154	0.219	16.702	7.957	2.079	0.796	0.350	1.710	0.636	0.809	2562	1236	172.763	0.379	2.271	0.440	0.923
155	0.004	20.533	7.897	0.242	0.088	0.061	53.401	0.903	0.096	3217	1245	53.130	0.068	1.436	0.696	0.916
156	0.167	7.875	8.100	1.638	0.499	0.426	18.566	0.781	0.554	1190	1283	23.025	0.446	1.171	0.854	0.940
157	2.437E-4	8.626	7.877	0.049	0.022	0.014	0.000	1.000	0.023	1352	1235	146.310	0.013	1.500	0.667	1.000
158	0.001	9.541	7.943	0.121	0.046	0.031	129.938	0.978	0.050	1495	1243	129.806	0.036	1.476	0.678	0.848
159	0.280	4.542	8.306	2.119	0.756	0.472	36.395	0.785	0.774	667	1344	39.987	0.478	1.600	0.625	0.962
160	2.437E-4	3.550	8.084	0.049	0.022	0.014	90.000	1.000	0.023	556	1267	123.690	0.013	1.500	0.667	1.000
161	0.163	5.946	8.279	1.808	0.679	0.306	6.024	0.627	0.707	873	1302	7.253	0.318	2.220	0.450	0.923
162	0.091	20.011	8.314	1.292	0.458	0.253	23.951	0.686	0.463	3109	1323	38.290	0.262	1.809	0.553	0.907
163	8.123E-5	5.261	8.170	0.031	0.014	0.007	90.000	1.000	0.014	825	1281	116.565	0.006	2.000	0.500	1.000
164	0.139	3.277	8.367	1.656	0.591	0.299	11.449	0.638	0.641	464	1325	10.305	0.337	1.975	0.506	0.910
165	0.050	6.932	8.373	0.861	0.285	0.222	28.422	0.841	0.301	1065	1317	13.449	0.229	1.281	0.781	0.937
166	0.131	19.272	8.433	1.448	0.495	0.337	18.200	0.785	0.533	2987	1336	21.038	0.363	1.471	0.680	0.952
167	0.143	22.225	8.446	1.603	0.591	0.308	178.115	0.700	0.627	3437	1331	5.247	0.336	1.916	0.522	0.941
168	0.144	13.431	8.514	1.614	0.596	0.308	142.501	0.695	0.603	2067	1313	146.646	0.332	1.936	0.516	0.926
169	0.100	18.474	8.488	1.246	0.385	0.332	103.229	0.812	0.404	2867	1320	142.046	0.357	1.159	0.863	0.942
170	0.060	12.308	8.481	0.960	0.332	0.229	108.290	0.814	0.353	1920	1305	106.798	0.242	1.449	0.690	0.939
171	0.044	25.557	8.449	0.833	0.249	0.227	173.497	0.805	0.271	3991	1312	156.448	0.229	1.098	0.911	0.933
172	0.154	1.915	8.563	1.606	0.493	0.396	174.155	0.749	0.555	255	1349	12.600	0.422	1.245	0.803	0.920
173	0.067	11.487	8.538	1.015	0.317	0.267	93.576	0.811	0.343	1798	1314	99.638	0.286	1.190	0.840	0.922
174	0.062	14.282	8.512	0.994	0.326	0.244	138.266	0.793	0.347	2219	1318	143.973	0.255	1.336	0.749	0.930
175	0.079	15.084	8.551	1.106	0.369	0.274	37.374	0.816	0.379	2347	1366	53.902	0.274	1.346	0.743	0.952
176	0.069	21.037	8.548	1.049	0.359	0.245	21.071	0.789	0.367	3279	1361	38.660	0.251	1.462	0.684	0.935
177	0.039	24.792	8.536	0.756	0.243	0.203	141.947	0.852	0.264	3879	1323	127.147	0.209	1.200	0.834	0.945
178	0.086	15.906	8.589	1.189	0.439	0.249	12.677	0.764	0.426	2463	1343	170.538	0.248	1.760	0.568	0.953
179	9.748E-4	16.484	8.506	0.116	0.045	0.028	65.194	0.916	0.049	2585	1338	66.801	0.031	1.610	0.621	0.842
180	0.045	10.767	8.660	0.860	0.287	0.199	125.008	0.762	0.313	1681	1337	123.366	0.217	1.446	0.692	0.923
181	0.113	23.121	8.706	1.341	0.451	0.319	170.002	0.789	0.484	3591	1357	163.951	0.345	1.417	0.706	0.942
182	0.060	23.940	8.664	1.033	0.384	0.199	165.074	0.706	0.411	3727	1346	161.003	0.213	1.930	0.518	0.931
183	0.094	10.027	8.766	1.201	0.374	0.319	41.744	0.815	0.413	1544	1393	38.108	0.337	1.172	0.853	0.945
184	0.083	17.063	8.742	1.195	0.396	0.268	5.072	0.732	0.425	2647	1377	8.616	0.292	1.480	0.676	0.919
185	3.656E-4	12.981	8.703	0.063	0.025	0.019	20.301	1.000	0.029	2035	1367	26.565	0.019	1.340	0.746	0.857
186	0.002	11.024	8.737	0.159	0.055	0.045	83.957	0.967	0.060	1728	1375	71.565	0.045	1.228	0.815	0.906
187	2.031E-4	5.063	8.773	0.054	0.016	0.016	0.000	0.873	0.020	794	1375	108.435	0.018	1.000	1.000	0.714
188	0.001	19.220	8.784	0.125	0.042	0.037	168.760	0.986	0.046	3012	1378	164.055	0.038	1.127	0.887	0.870
189	1.625E-4	12.275	8.776	0.036	0.014	0.014	0.000	1.000	0.018	1925	1376	135.000	0.013	1.000	1.000	1.000
190	0.003	11.167	8.804	0.208	0.076	0.051	32.392	0.885	0.083	1747	1386	32.471	0.057	1.472	0.679	0.893
191	0.100	8.025	8.914	1.438	0.592	0.215	9.048	0.607	0.591	1215	1408	11.189	0.228	2.750	0.364	0.932
192	0.079	6.983	9.010	1.162	0.400	0.252	100.832	0.737	0.430	1089	1382	96.809	0.255	1.584	0.631	0.926
193	0.159	9.046	9.002	1.636	0.580	0.348	13.825	0.745	0.591	1372	1425	7.431	0.347	1.669	0.599	0.948
194	0.102	5.058	9.134	1.415	0.539	0.241	131.281	0.641	0.546	762	1409	142.595	0.270	2.238	0.447	0.888
195	0.177	12.878	9.247	1.705	0.608	0.371	79.496	0.765	0.651	2012	1503	75.828	0.388	1.639	0.610	0.952
196	0.076	11.633	9.180	1.131	0.400	0.241	122.551	0.745	0.405	1814	1409	126.690	0.249	1.657	0.604	0.924
197	0.057	5.945	9.116	0.922	0.287	0.252	31.820	0.842	0.307	909	1439	20.695	0.264	1.139	0.878	0.943
198	0.171	1.699	9.337	2.035	0.720	0.302	90.813	0.518	0.715	269	1410	93.576	0.363	2.384	0.419	0.821
199	0.266	3.597	9.325	2.121	0.744	0.455	144.163	0.743	0.770	518	1432	143.415	0.482	1.634	0.612	0.940
200	0.131	14.076	9.244	1.441	0.478	0.348	27.949	0.792	0.508	2174	1473	28.496	0.367	1.374	0.728	0.948
201	0.116	15.046	9.317	1.487	0.586	0.251	117.580	0.657	0.598	2334	1421	125.893	0.274	2.331	0.429	0.933
202	0.102	0.927	9.236	1.271	0.384	0.339	5.606	0.796	0.421	118	1466	39.472	0.347	1.132	0.884	0.937
203	4.468E-4	20.470	9.138	0.072	0.029	0.020	149.714	1.000	0.032	3210	1432	126.870	0.023	1.450	0.690	0.815
204	0.053	25.292	9.308	0.889	0.269	0.252	167.958	0.847	0.284	3945	1457	170.961	0.257	1.065	0.939	0.956
205	0.060	22.758	9.364	1.051	0.392	0.195	64.135	0.684	0.421	3553	1496	54.866	0.214	2.009	0.498	0.932
206	0.072	16.174	9.342	1.030	0.330	0.279	151.680	0.858	0.349	2520	1445	128.333	0.284	1.185	0.844	0.962
207	0.074	21.805	9.383	1.149	0.434	0.217	130.576	0.703	0.454	3393	1449	141.843	0.233	1.997	0.501	0.929
208	0.096	18.201	9.389	1.207	0.401	0.306	159.937	0.830	0.419	2828	1457	153.825	0.312	1.311	0.763	0.948
209	0.002	9.447	9.285	0.143	0.054	0.036	132.405	0.953	0.059	1480	1453	130.601	0.041	1.501	0.666	0.864
210	0.106	24.465	9.435	1.270	0.437	0.309	158.658	0.825	0.458	3804	1469	158.791	0.313	1.415	0.707	0.954
211	0.094	2.562	9.464	1.288	0.442	0.270	149.672	0.710	0.471	382	1459	140.492	0.311	1.636	0.611	0.928
212	0.100	23.560	9.417	1.288	0.483	0.264	175.514	0.760	0.503	3658	1468	164.554	0.268	1.830	0.546	0.960
213	0.080	20.888	9.449	1.078	0.339	0.302	13.451	0.870	0.356	3248	1485	14.534	0.306	1.123	0.891	0.959
214	0.068	20.031	9.451	1.038	0.321	0.272	167.076	0.798	0.341	3118	1485	172.476	0.280	1.179	0.848	0.936
215	0.052	11.121	9.455	0.954	0.278	0.236	16.599	0.712	0.314	1723	1498	17.700	0.254	1.180	0.848	0.905
216	0.070	17.163	9.405	1.138	0.419	0.213	178.683	0.678	0.439	2657	1466	170.811	0.210	1.969	0.508	0.943
217	0.059	12.258	9.471	0.941	0.304	0.246	20.999	0.833	0.316	1898	1481	170.727	0.255	1.239	0.807	0.946
218	0.074	19.120	9.474	1.224	0.453	0.208	168.534	0.620	0.485	2962	1479	166.329	0.239	2.183	0.458	0.887
219	0.003	24.182	9.479	0.190	0.066	0.050	31.797	0.892	0.072	3791	1492	45.000	0.056	1.319	0.758	0.869
220	8.530E-4	26.358	9.472	0.107	0.038	0.029	121.114	0.943	0.043	4135	1483	116.565	0.032	1.311	0.763	0.875
221	0.057	9.620	9.622	0.952	0.287	0.252	69.388	0.787	0.320	1499	1534	72.646	0.264	1.138	0.879	0.930
222	0.062	10.427	9.575	1.048	0.336	0.233	7.455	0.704	0.370	1608	1501	10.923	0.247	1.443	0.693	0.903
223	0.053	8.872	9.665	0.891	0.297	0.227	150.394	0.839	0.316	1371	1502	138.270	0.237	1.306	0.765	0.948
224	0.065	7.926	9.738	1.067	0.318	0.259	51.945	0.715	0.364	1237	1555	78.887	0.261	1.227	0.815	0.888
225	0.095	7.017	9.834	1.365	0.525	0.229	78.567	0.638	0.545	1083	1583	69.444	0.253	2.287	0.437	0.914
226	0.074	13.899	9.821	1.090	0.379	0.247	4.810	0.777	0.394	2151	1548	9.310	0.255	1.537	0.651	0.933
227	1.625E-4	12.326	9.751	0.036	0.014	0.014	0.000	1.000	0.018	1933	1529	135.000	0.013	1.000	1.000	1.000
228	0.130	6.190	9.938	1.539	0.557	0.298	158.842	0.693	0.585	925	1551	163.540	0.314	1.869	0.535	0.916
229	2.437E-4	2.482	9.789	0.049	0.022	0.014	0.000	1.000	0.023	388	1535	146.310	0.013	1.500	0.667	1.000
230	0.064	17.724	9.980	0.966	0.316	0.259	126.600	0.865	0.331	2764	1544	127.972	0.272	1.219	0.820	0.952
231	2.031E-4	15.266	9.859	0.045	0.020	0.013	18.435	1.000	0.023	2394	1548	33.690	0.013	1.553	0.644	0.909
232	1.219E-4	12.420	9.867	0.036	0.015	0.010	135.000	1.000	0.018	1948	1547	135.000	0.013	1.464	0.683	0.857
233	0.099	25.392	10.066	1.213	0.414	0.303	54.512	0.842	0.435	3961	1606	55.146	0.324	1.369	0.730	0.954
234	0.077	11.527	10.031	1.072	0.365	0.267	145.748	0.837	0.377	1783	1558	146.041	0.275	1.364	0.733	0.952
235	2.437E-4	22.484	9.901	0.049	0.022	0.014	90.000	1.000	0.023	3527	1552	123.690	0.013	1.500	0.667	1.000
236	0.127	14.940	10.103	1.490	0.528	0.305	29.454	0.717	0.538	2304	1606	18.650	0.339	1.730	0.578	0.908
237	0.052	17.023	10.045	0.906	0.300	0.221	17.485	0.796	0.317	2646	1585	30.174	0.239	1.361	0.735	0.935
238	0.129	18.903	10.087	1.576	0.554	0.296	168.290	0.652	0.599	2926	1564	161.372	0.334	1.872	0.534	0.917
239	0.178	12.688	10.147	1.666	0.560	0.406	8.454	0.808	0.569	1945	1586	174.864	0.424	1.380	0.725	0.957
240	0.107	21.988	10.145	1.381	0.437	0.311	143.121	0.704	0.502	3423	1564	139.635	0.346	1.407	0.711	0.908
241	9.342E-4	9.246	9.961	0.107	0.038	0.031	99.556	1.000	0.043	1449	1560	116.565	0.032	1.235	0.809	0.885
242	0.073	19.920	10.063	1.107	0.403	0.230	173.911	0.746	0.416	3096	1568	168.518	0.231	1.752	0.571	0.948
243	1.625E-4	9.757	9.961	0.036	0.014	0.014	0.000	1.000	0.018	1530	1562	135.000	0.013	1.000	1.000	1.000
244	0.094	21.120	10.097	1.498	0.539	0.223	175.004	0.528	0.582	3268	1589	5.024	0.237	2.417	0.414	0.901
245	0.083	22.715	10.149	1.160	0.350	0.301	132.145	0.772	0.383	3535	1587	158.552	0.313	1.166	0.858	0.913
246	0.088	16.179	10.175	1.255	0.421	0.266	21.986	0.701	0.460	2502	1603	19.440	0.303	1.586	0.631	0.903
247	0.094	23.523	10.183	1.228	0.418	0.286	0.245	0.782	0.442	3660	1586	168.366	0.293	1.463	0.683	0.948
248	0.074	5.128	10.185	1.276	0.526	0.178	8.291	0.570	0.521	763	1605	7.734	0.195	2.949	0.339	0.878
249	0.083	10.729	10.214	1.145	0.394	0.269	0.137	0.798	0.423	1650	1603	6.054	0.290	1.467	0.682	0.936
250	0.063	24.445	10.223	0.988	0.319	0.251	158.046	0.809	0.335	3815	1586	139.635	0.260	1.273	0.785	0.937
251	0.042	9.637	10.353	0.799	0.244	0.220	77.666	0.832	0.263	1509	1604	112.834	0.223	1.109	0.902	0.949
252	0.110	3.947	10.383	1.393	0.522	0.268	13.420	0.710	0.527	581	1632	11.853	0.286	1.951	0.513	0.941
253	1.625E-4	14.620	10.254	0.036	0.014	0.014	0.000	1.000	0.018	2293	1608	135.000	0.013	1.000	1.000	1.000
254	0.198	0.854	10.481	1.875	0.668	0.378	11.967	0.709	0.693	75	1646	12.758	0.383	1.765	0.567	0.943
255	0.004	9.449	10.308	0.250	0.092	0.061	28.967	0.891	0.097	1476	1621	31.608	0.064	1.514	0.660	0.920
256	8.123E-4	3.221	10.298	0.098	0.035	0.030	20.910	1.000	0.041	503	1618	38.660	0.032	1.165	0.858	0.889
257	3.249E-4	24.005	10.314	0.058	0.023	0.018	135.000	1.000	0.027	3765	1617	135.000	0.019	1.229	0.814	0.941
258	0.167	1.771	10.628	1.718	0.632	0.337	127.999	0.713	0.665	253	1618	126.431	0.369	1.873	0.534	0.944
259	0.087	11.687	10.493	1.171	0.388	0.286	52.884	0.797	0.396	1810	1666	33.179	0.299	1.357	0.737	0.930
260	0.087	8.196	10.489	1.158	0.395	0.282	146.668	0.819	0.422	1259	1626	141.746	0.294	1.403	0.713	0.947
261	0.060	8.936	10.509	1.063	0.396	0.192	9.493	0.663	0.407	1372	1656	13.601	0.217	2.062	0.485	0.903
262	0.206	2.911	10.645	1.826	0.640	0.409	21.281	0.775	0.657	415	1700	30.296	0.422	1.566	0.638	0.953
263	0.062	13.675	10.624	1.005	0.321	0.247	84.101	0.775	0.335	2150	1640	98.746	0.268	1.299	0.770	0.936
264	0.002	14.548	10.526	0.173	0.066	0.044	129.961	0.950	0.069	2280	1647	123.690	0.048	1.515	0.660	0.889
265	2.843E-4	11.320	10.525	0.054	0.020	0.018	90.000	1.000	0.023	1775	1650	123.690	0.019	1.069	0.936	0.875
266	0.065	16.541	10.656	1.065	0.345	0.240	133.624	0.722	0.384	2569	1657	138.366	0.267	1.434	0.697	0.915
267	0.081	6.607	10.724	1.158	0.424	0.245	62.611	0.763	0.448	1020	1713	61.975	0.266	1.731	0.578	0.943
268	5.686E-4	7.265	10.541	0.080	0.031	0.023	135.000	1.000	0.036	1138	1652	135.000	0.025	1.319	0.758	0.933
269	0.085	9.759	10.679	1.226	0.424	0.256	163.505	0.710	0.468	1501	1666	160.084	0.271	1.658	0.603	0.933
270	0.084	22.155	10.713	1.130	0.351	0.305	179.408	0.827	0.374	3446	1680	13.799	0.316	1.150	0.870	0.955
271	0.095	20.426	10.760	1.328	0.472	0.256	17.239	0.677	0.489	3165	1692	15.124	0.294	1.841	0.543	0.884
272	0.056	22.939	10.726	0.961	0.345	0.208	175.885	0.768	0.367	3573	1679	172.011	0.226	1.659	0.603	0.936
273	1.625E-4	4.423	10.618	0.036	0.014	0.014	0.000	1.000	0.018	693	1665	135.000	0.013	1.000	1.000	1.000
274	0.064	7.450	10.795	1.032	0.377	0.216	19.079	0.754	0.395	1138	1707	20.772	0.245	1.749	0.572	0.931
275	0.068	21.438	10.835	1.039	0.329	0.263	33.978	0.791	0.362	3336	1711	26.114	0.286	1.248	0.801	0.918
276	0.087	25.251	10.840	1.290	0.480	0.230	154.575	0.655	0.508	3929	1681	151.504	0.237	2.087	0.479	0.930
277	0.098	10.724	10.838	1.273	0.446	0.281	2.791	0.763	0.458	1650	1686	163.836	0.280	1.587	0.630	0.937
278	0.059	19.603	10.849	0.964	0.322	0.231	60.793	0.792	0.344	3063	1729	51.009	0.246	1.394	0.717	0.940
279	6.905E-4	19.052	10.725	0.094	0.030	0.029	0.000	0.985	0.034	2989	1680	111.801	0.032	1.044	0.957	0.850
280	0.097	17.544	10.884	1.379	0.506	0.244	11.287	0.640	0.550	2706	1712	10.008	0.281	2.076	0.482	0.912
281	0.134	5.110	10.986	1.517	0.507	0.337	48.909	0.733	0.561	774	1754	49.611	0.367	1.503	0.665	0.935
282	0.134	12.744	10.982	1.473	0.465	0.367	90.742	0.778	0.484	1987	1688	110.821	0.368	1.267	0.789	0.937
283	0.102	18.605	10.930	1.379	0.520	0.250	156.296	0.675	0.543	2880	1704	157.949	0.274	2.081	0.481	0.924
284	0.078	23.869	10.879	1.149	0.413	0.240	177.398	0.741	0.430	3712	1697	173.191	0.242	1.719	0.582	0.931
285	1.625E-4	8.363	10.793	0.049	0.017	0.012	90.000	0.857	0.020	1312	1692	108.435	0.013	1.468	0.681	0.800
286	0.058	14.663	10.884	0.965	0.346	0.212	179.270	0.776	0.358	2273	1708	5.102	0.229	1.634	0.612	0.944
287	0.073	15.707	10.932	1.085	0.381	0.245	178.630	0.781	0.388	2434	1714	170.538	0.261	1.557	0.642	0.938
288	1.219E-4	9.852	10.821	0.036	0.015	0.010	45.000	1.000	0.018	1545	1699	45.000	0.013	1.464	0.683	0.857
289	0.109	11.755	11.065	1.330	0.466	0.299	111.804	0.778	0.489	1829	1699	120.579	0.320	1.560	0.641	0.942
290	0.001	6.740	10.974	0.137	0.044	0.042	140.639	0.974	0.050	1055	1719	129.806	0.045	1.046	0.956	0.867
291	4.062E-5	9.703	10.952	0.018	0.007	0.007	0.000	1.000	0.009	1522	1718	135.000	0.006	1.000	1.000	1.000
292	0.003	9.708	11.027	0.209	0.079	0.049	138.837	0.872	0.083	1520	1725	122.471	0.054	1.614	0.620	0.862
293	0.065	16.532	11.161	1.084	0.378	0.218	23.634	0.694	0.419	2571	1770	28.124	0.229	1.730	0.578	0.914
294	0.156	4.173	11.280	1.620	0.579	0.344	147.933	0.749	0.595	617	1741	149.036	0.350	1.683	0.594	0.944
295	6.093E-4	9.135	11.076	0.085	0.032	0.024	9.462	1.000	0.034	1431	1737	158.199	0.025	1.295	0.772	0.857
296	0.002	8.390	11.099	0.134	0.044	0.044	0.000	1.000	0.049	1315	1738	113.199	0.045	1.000	1.000	0.902
297	0.001	9.935	11.096	0.136	0.046	0.039	146.158	0.968	0.054	1556	1738	135.000	0.038	1.165	0.859	0.921
298	0.036	8.110	11.253	0.786	0.257	0.177	37.678	0.727	0.273	1257	1784	52.595	0.205	1.453	0.688	0.892
299	1.219E-4	23.567	11.148	0.036	0.015	0.010	135.000	1.000	0.018	3697	1748	135.000	0.013	1.464	0.683	0.857
300	1.625E-4	12.459	11.159	0.036	0.014	0.014	0.000	1.000	0.018	1954	1750	135.000	0.013	1.000	1.000	1.000
301	0.104	9.090	11.363	1.238	0.416	0.317	24.180	0.850	0.432	1395	1797	16.294	0.321	1.314	0.761	0.957
302	0.157	6.498	11.460	1.647	0.517	0.386	87.586	0.727	0.549	1010	1841	86.009	0.408	1.337	0.748	0.922
303	0.169	10.925	11.413	1.753	0.673	0.320	0.560	0.692	0.680	1662	1800	10.257	0.320	2.103	0.476	0.948
304	1.625E-4	12.644	11.274	0.036	0.014	0.014	0.000	1.000	0.018	1983	1768	135.000	0.013	1.000	1.000	1.000
305	0.153	13.813	11.546	1.754	0.677	0.288	42.131	0.626	0.691	2123	1851	34.862	0.340	2.348	0.426	0.917
306	0.143	1.631	11.622	1.567	0.544	0.334	90.045	0.730	0.575	249	1778	99.567	0.361	1.632	0.613	0.931
307	0.155	3.018	11.493	1.752	0.603	0.326	176.586	0.633	0.678	426	1785	170.803	0.367	1.847	0.542	0.925
308	0.129	14.749	11.669	1.664	0.674	0.244	94.362	0.587	0.671	2308	1883	86.186	0.254	2.757	0.363	0.931
309	0.089	17.679	11.490	1.252	0.495	0.228	19.610	0.712	0.502	2737	1815	20.045	0.247	2.169	0.461	0.943
310	0.004	8.647	11.444	0.255	0.082	0.067	30.818	0.839	0.089	1350	1798	30.256	0.074	1.217	0.822	0.881
311	0.095	9.926	11.556	1.365	0.524	0.231	18.671	0.641	0.512	1519	1821	10.751	0.255	2.266	0.441	0.897
312	0.093	7.161	11.559	1.249	0.463	0.255	19.130	0.747	0.487	1088	1819	14.400	0.266	1.813	0.551	0.951
313	0.094	2.274	11.643	1.230	0.383	0.312	55.244	0.778	0.436	341	1855	61.189	0.319	1.228	0.815	0.945
314	0.093	22.439	11.696	1.287	0.500	0.236	116.204	0.702	0.505	3508	1797	114.624	0.242	2.120	0.472	0.945
315	0.117	25.154	11.630	1.418	0.502	0.298	178.556	0.734	0.509	3908	1828	8.637	0.304	1.687	0.593	0.936
316	0.065	15.618	11.627	1.029	0.367	0.224	20.876	0.769	0.377	2426	1843	30.466	0.235	1.638	0.611	0.943
317	0.095	21.620	11.688	1.215	0.437	0.276	136.848	0.805	0.452	3367	1810	139.574	0.292	1.586	0.630	0.946
318	0.105	23.365	11.675	1.270	0.441	0.303	6.675	0.817	0.462	3629	1836	11.929	0.302	1.457	0.686	0.953
319	2.031E-4	1.116	11.601	0.049	0.020	0.013	108.435	1.000	0.023	174	1819	123.690	0.013	1.553	0.644	0.909
320	0.076	5.785	11.771	1.115	0.388	0.248	46.596	0.765	0.398	891	1870	54.782	0.272	1.562	0.640	0.928
321	0.002	17.323	11.621	0.139	0.049	0.041	149.639	1.000	0.054	2714	1822	159.444	0.045	1.213	0.824	0.876
322	0.050	20.752	11.721	0.858	0.273	0.232	154.225	0.850	0.289	3234	1833	157.964	0.243	1.180	0.848	0.947
323	0.096	24.173	11.756	1.260	0.437	0.279	9.932	0.758	0.482	3758	1857	15.322	0.298	1.565	0.639	0.954
324	0.083	18.640	11.782	1.139	0.375	0.283	26.170	0.808	0.407	2894	1864	32.196	0.302	1.325	0.755	0.949
325	0.063	19.807	11.757	0.974	0.357	0.224	42.588	0.832	0.362	3085	1863	39.289	0.234	1.595	0.627	0.951
326	0.273	0.681	11.904	2.278	0.861	0.404	147.979	0.662	0.900	43	1842	149.802	0.447	2.129	0.470	0.938
327	0.059	8.042	11.794	1.097	0.445	0.169	35.014	0.619	0.445	1232	1869	38.019	0.185	2.627	0.381	0.908
328	0.068	11.842	11.814	1.066	0.376	0.230	33.703	0.749	0.397	1835	1874	29.859	0.246	1.635	0.612	0.925
329	0.103	16.520	11.840	1.329	0.449	0.293	19.731	0.735	0.478	2562	1881	36.870	0.289	1.532	0.653	0.931
330	0.068	12.710	11.821	1.015	0.324	0.266	164.597	0.829	0.352	1971	1842	157.620	0.268	1.218	0.821	0.946
331	0.127	4.470	11.977	1.427	0.433	0.373	146.653	0.782	0.460	666	1875	160.560	0.391	1.163	0.860	0.929
332	0.072	9.170	11.893	1.089	0.364	0.253	33.361	0.765	0.403	1412	1885	34.695	0.262	1.440	0.695	0.934
333	2.437E-4	3.563	11.800	0.049	0.022	0.014	90.000	1.000	0.023	558	1850	123.690	0.013	1.500	0.667	1.000
334	0.136	10.758	12.069	1.563	0.545	0.317	24.890	0.697	0.590	1643	1916	24.905	0.355	1.722	0.581	0.924
335	2.031E-4	3.477	11.978	0.054	0.016	0.016	0.000	0.873	0.020	545	1878	108.435	0.018	1.000	1.000	0.714
336	2.843E-4	2.707	12.017	0.058	0.020	0.018	90.000	1.000	0.023	424	1884	123.690	0.019	1.069	0.936	0.875
337	0.061	6.848	12.185	1.008	0.352	0.222	84.194	0.759	0.360	1065	1938	67.068	0.228	1.583	0.632	0.943
338	1.625E-4	16.118	12.096	0.036	0.014	0.014	0.000	1.000	0.018	2528	1897	135.000	0.013	1.000	1.000	1.000
339	0.063	6.158	12.244	0.973	0.341	0.235	159.514	0.836	0.351	939	1915	160.907	0.244	1.450	0.690	0.956
340	0.058	5.431	12.297	0.985	0.353	0.210	47.063	0.754	0.380	834	1952	49.086	0.230	1.685	0.594	0.931
341	0.001	7.474	12.195	0.134	0.046	0.039	33.985	1.000	0.051	1169	1915	29.745	0.043	1.172	0.854	0.864
342	0.099	25.098	12.361	1.439	0.576	0.219	150.969	0.599	0.583	3901	1914	146.136	0.246	2.633	0.380	0.899
343	0.085	19.463	12.362	1.241	0.472	0.229	32.619	0.694	0.494	3024	1966	39.237	0.242	2.057	0.486	0.935
344	0.054	3.835	12.349	0.914	0.287	0.240	68.463	0.812	0.311	597	1961	61.858	0.257	1.196	0.836	0.937
345	0.078	7.888	12.362	1.126	0.408	0.245	21.409	0.777	0.427	1208	1949	17.354	0.262	1.669	0.599	0.945
346	0.158	13.869	12.454	1.579	0.521	0.385	11.401	0.795	0.531	2135	1957	174.495	0.383	1.352	0.740	0.953
347	0.239	22.605	12.485	2.034	0.695	0.438	176.972	0.726	0.719	3494	1950	165.101	0.439	1.589	0.629	0.938
348	0.107	9.640	12.435	1.376	0.481	0.284	9.429	0.711	0.526	1472	1957	11.174	0.305	1.695	0.590	0.928
349	0.079	18.665	12.404	1.317	0.463	0.217	14.114	0.572	0.509	2887	1952	12.295	0.242	2.131	0.469	0.876
350	0.059	16.522	12.402	0.966	0.326	0.231	11.896	0.797	0.335	2567	1937	171.254	0.236	1.407	0.711	0.947
351	0.074	2.011	12.446	1.061	0.360	0.262	18.035	0.828	0.386	287	1964	22.329	0.283	1.373	0.729	0.944
352	0.052	14.689	12.438	0.891	0.298	0.224	35.511	0.830	0.312	2283	1965	40.855	0.236	1.334	0.749	0.942
353	0.220	2.847	12.674	1.929	0.657	0.427	84.528	0.744	0.696	450	2040	86.849	0.456	1.540	0.649	0.936
354	0.056	8.800	12.492	0.985	0.316	0.224	112.427	0.721	0.354	1373	1932	117.951	0.251	1.411	0.709	0.928
355	9.342E-4	17.267	12.333	0.112	0.039	0.031	141.444	0.938	0.043	2708	1932	116.565	0.034	1.266	0.790	0.821
356	0.067	15.483	12.451	1.042	0.360	0.236	175.761	0.773	0.382	2402	1947	169.439	0.249	1.525	0.656	0.936
357	0.060	17.510	12.486	0.992	0.297	0.257	153.756	0.766	0.345	2722	1956	160.560	0.267	1.154	0.866	0.929
358	0.075	23.826	12.466	1.211	0.459	0.209	15.374	0.645	0.485	3707	1975	23.199	0.239	2.197	0.455	0.912
359	0.177	21.520	12.537	1.771	0.665	0.339	10.845	0.708	0.679	3327	1980	16.905	0.346	1.964	0.509	0.941
360	0.085	13.026	12.551	1.193	0.432	0.249	42.419	0.747	0.441	2017	1987	37.367	0.277	1.737	0.576	0.924
361	0.115	20.627	12.584	1.327	0.452	0.323	69.661	0.819	0.470	3214	2003	54.372	0.334	1.397	0.716	0.951
362	7.717E-4	4.331	12.447	0.103	0.033	0.030	121.717	0.916	0.039	679	1950	99.462	0.032	1.109	0.902	0.826
363	2.843E-4	6.273	12.437	0.054	0.020	0.018	90.000	1.000	0.023	983	1950	123.690	0.019	1.069	0.936	0.875
364	6.905E-4	2.527	12.459	0.094	0.030	0.029	0.000	0.985	0.034	396	1952	111.801	0.032	1.044	0.957	0.850
365	1.219E-4	6.228	12.461	0.036	0.015	0.010	45.000	1.000	0.018	976	1956	45.000	0.013	1.464	0.683	0.857
366	0.088	12.310	12.745	1.186	0.355	0.316	29.840	0.785	0.389	1903	2018	34.992	0.329	1.123	0.890	0.939
367	0.111	4.915	12.765	1.372	0.512	0.275	20.136	0.739	0.527	733	2021	25.017	0.287	1.858	0.538	0.940
368	0.002	6.919	12.655	0.177	0.065	0.045	143.260	0.911	0.069	1081	1983	146.310	0.048	1.445	0.692	0.875
369	0.137	11.436	12.822	1.529	0.557	0.313	21.918	0.735	0.568	1762	2040	34.939	0.334	1.778	0.562	0.944
370	1.625E-4	5.302	12.670	0.036	0.014	0.014	0.000	1.000	0.018	831	1987	135.000	0.013	1.000	1.000	1.000
371	0.072	7.896	12.846	1.118	0.384	0.238	27.613	0.720	0.414	1213	2035	24.590	0.254	1.615	0.619	0.905
372	0.058	6.869	12.828	1.004	0.355	0.208	149.692	0.723	0.398	1051	1994	148.092	0.216	1.710	0.585	0.938
373	0.078	9.850	12.864	1.065	0.342	0.289	33.776	0.859	0.359	1531	2043	56.592	0.284	1.185	0.844	0.958
374	0.199	3.753	13.090	1.870	0.581	0.437	24.263	0.716	0.636	543	2083	34.804	0.463	1.331	0.752	0.928
375	0.069	5.868	12.978	1.054	0.344	0.255	8.786	0.781	0.384	892	2047	11.497	0.268	1.350	0.741	0.940
376	0.003	13.571	12.885	0.194	0.068	0.053	3.940	0.953	0.073	2124	2023	15.255	0.051	1.294	0.773	0.921
377	0.060	10.508	13.019	0.984	0.345	0.221	36.184	0.776	0.371	1624	2059	39.428	0.242	1.561	0.641	0.942
378	0.149	14.517	13.101	1.637	0.597	0.318	2.389	0.699	0.624	2227	2052	172.367	0.351	1.879	0.532	0.937
379	0.090	23.789	13.163	1.276	0.488	0.233	92.159	0.691	0.504	3725	2028	99.462	0.249	2.091	0.478	0.933
380	0.119	13.573	13.132	1.361	0.466	0.326	130.809	0.810	0.474	2102	2035	138.814	0.333	1.430	0.700	0.938
381	0.120	1.722	13.173	1.412	0.501	0.304	131.455	0.754	0.509	247	2034	134.493	0.306	1.644	0.608	0.932
382	0.063	8.931	13.182	1.012	0.350	0.230	72.589	0.778	0.377	1397	2096	78.311	0.249	1.521	0.657	0.931
383	0.136	0.973	13.220	1.545	0.557	0.311	33.474	0.716	0.579	119	2104	36.491	0.334	1.794	0.557	0.928
384	0.013	8.471	13.068	0.457	0.169	0.097	135.478	0.776	0.170	1320	2040	124.287	0.108	1.742	0.574	0.898
385	0.078	22.845	13.166	1.154	0.386	0.259	179.348	0.740	0.416	3553	2064	168.518	0.260	1.489	0.672	0.928
386	3.249E-4	8.270	13.056	0.058	0.023	0.018	45.000	1.000	0.027	1296	2050	45.000	0.019	1.229	0.814	0.941
387	0.147	17.491	13.256	1.602	0.528	0.354	151.465	0.720	0.553	2705	2064	165.324	0.375	1.492	0.670	0.920
388	0.082	24.974	13.219	1.152	0.367	0.285	134.171	0.778	0.388	3899	2051	132.337	0.308	1.289	0.776	0.917
389	0.082	6.716	13.329	1.138	0.399	0.261	41.744	0.793	0.403	1039	2119	58.570	0.267	1.531	0.653	0.941
390	0.049	12.586	13.265	0.908	0.309	0.200	0.255	0.742	0.328	1952	2094	13.496	0.209	1.542	0.649	0.930
391	0.061	19.289	13.319	0.951	0.295	0.262	131.990	0.843	0.331	3010	2070	123.996	0.272	1.123	0.890	0.947
392	0.075	2.369	13.335	1.081	0.365	0.263	21.304	0.810	0.374	344	2104	23.070	0.274	1.391	0.719	0.936
393	0.061	21.840	13.354	1.014	0.373	0.208	146.152	0.745	0.371	3399	2087	155.638	0.218	1.788	0.559	0.919
394	0.084	21.016	13.395	1.134	0.379	0.281	35.861	0.818	0.399	3278	2125	38.517	0.292	1.349	0.741	0.963
395	0.173	16.571	13.452	1.781	0.664	0.332	2.888	0.687	0.703	2545	2108	175.840	0.373	1.997	0.501	0.921
396	0.060	18.546	13.395	0.995	0.327	0.235	163.191	0.764	0.348	2892	2082	140.194	0.236	1.392	0.718	0.925
397	0.213	15.524	13.476	2.051	0.769	0.353	2.017	0.637	0.783	2373	2120	9.846	0.380	2.175	0.460	0.908
398	4.874E-4	22.126	13.327	0.076	0.028	0.022	57.933	1.000	0.032	3470	2093	36.870	0.025	1.281	0.780	0.857
399	0.070	5.907	13.478	1.095	0.418	0.212	144.645	0.730	0.429	902	2092	139.214	0.220	1.966	0.509	0.944
400	0.002	21.267	13.355	0.168	0.054	0.050	90.000	0.939	0.059	3336	2091	102.529	0.051	1.093	0.915	0.867
401	0.001	8.528	13.412	0.128	0.047	0.037	114.734	1.000	0.051	1336	2101	119.745	0.038	1.263	0.792	0.907
402	4.468E-4	20.157	13.438	0.071	0.028	0.020	164.929	1.000	0.032	3161	2107	143.130	0.019	1.372	0.729	0.957
403	0.090	4.816	13.639	1.259	0.483	0.238	127.855	0.717	0.498	729	2111	129.806	0.254	2.028	0.493	0.941
404	0.125	20.194	13.642	1.651	0.613	0.259	31.138	0.574	0.660	3125	2162	30.774	0.319	2.368	0.422	0.870
405	0.091	7.405	13.637	1.206	0.384	0.302	111.749	0.786	0.417	1143	2114	113.429	0.325	1.270	0.787	0.926
406	2.437E-4	22.134	13.476	0.049	0.022	0.014	90.000	1.000	0.023	3472	2113	123.690	0.013	1.500	0.667	1.000
407	0.051	8.377	13.620	0.892	0.287	0.227	118.745	0.808	0.314	1294	2122	127.569	0.243	1.262	0.792	0.946
408	0.044	11.487	13.638	0.838	0.270	0.206	162.634	0.780	0.295	1779	2139	173.797	0.222	1.312	0.762	0.931
409	3.656E-4	22.143	13.527	0.062	0.022	0.022	0.000	1.000	0.027	3473	2121	135.000	0.019	1.000	1.000	1.000
410	2.031E-4	3.450	13.549	0.045	0.020	0.013	18.435	1.000	0.023	540	2127	33.690	0.013	1.553	0.644	0.909
411	4.874E-4	2.913	13.568	0.072	0.025	0.025	0.000	1.000	0.029	456	2127	116.565	0.025	1.000	1.000	0.857
412	0.086	10.803	13.782	1.184	0.407	0.268	99.232	0.766	0.422	1693	2131	95.194	0.282	1.522	0.657	0.932
413	0.061	14.366	13.798	0.961	0.347	0.222	35.838	0.824	0.357	2229	2179	31.139	0.225	1.558	0.642	0.959
414	0.001	16.154	13.704	0.127	0.047	0.034	88.582	0.984	0.051	2533	2154	60.255	0.032	1.406	0.711	0.939
415	0.077	12.884	13.896	1.095	0.368	0.265	106.688	0.804	0.393	2022	2150	98.393	0.273	1.390	0.720	0.942
416	0.113	3.557	13.914	1.334	0.453	0.318	143.195	0.798	0.473	531	2159	142.667	0.330	1.426	0.701	0.944
417	0.078	9.526	13.931	1.175	0.401	0.248	81.860	0.712	0.437	1492	2221	82.461	0.274	1.617	0.619	0.902
418	0.098	24.984	13.909	1.311	0.463	0.269	164.680	0.714	0.489	3885	2174	164.876	0.276	1.723	0.580	0.931
419	0.073	24.148	13.905	1.064	0.368	0.252	170.786	0.807	0.390	3759	2179	168.690	0.267	1.460	0.685	0.947
420	1.625E-4	16.251	13.798	0.036	0.014	0.014	0.000	1.000	0.018	2549	2164	135.000	0.013	1.000	1.000	1.000
421	0.096	2.500	13.982	1.313	0.438	0.278	23.000	0.697	0.474	355	2202	19.654	0.287	1.576	0.634	0.907
422	0.058	1.772	13.954	0.946	0.327	0.227	140.387	0.820	0.348	258	2172	140.194	0.237	1.438	0.695	0.952
423	0.002	21.600	13.864	0.141	0.045	0.042	30.687	0.948	0.051	3386	2178	29.745	0.045	1.074	0.931	0.881
424	0.061	8.870	13.987	0.983	0.343	0.226	173.301	0.792	0.360	1365	2188	166.701	0.246	1.518	0.659	0.930
425	0.061	10.044	14.020	0.947	0.299	0.260	102.007	0.856	0.310	1567	2223	80.538	0.262	1.147	0.872	0.957
426	0.127	13.577	14.032	1.410	0.497	0.326	179.467	0.804	0.521	2089	2211	11.997	0.325	1.527	0.655	0.956
427	0.115	23.527	14.059	1.372	0.498	0.293	162.777	0.765	0.507	3653	2202	172.786	0.298	1.701	0.588	0.933
428	0.090	0.964	14.065	1.171	0.393	0.291	27.558	0.825	0.409	120	2216	18.153	0.310	1.350	0.741	0.943
429	7.311E-4	1.423	13.923	0.094	0.032	0.029	115.406	1.000	0.037	222	2182	120.964	0.032	1.130	0.885	0.857
430	0.010	17.715	13.987	0.378	0.138	0.089	134.942	0.845	0.147	2772	2185	124.380	0.097	1.545	0.647	0.928
431	0.054	6.657	14.089	0.928	0.309	0.223	67.996	0.790	0.327	1040	2236	69.444	0.226	1.390	0.719	0.936
432	0.077	5.655	14.119	1.114	0.332	0.294	1.639	0.778	0.374	860	2207	156.930	0.304	1.128	0.886	0.929
433	0.138	21.548	14.134	1.479	0.503	0.349	4.453	0.791	0.518	3343	2220	175.764	0.356	1.441	0.694	0.954
434	5.280E-4	3.215	13.986	0.090	0.026	0.026	0.000	0.817	0.032	504	2192	101.310	0.027	1.000	1.000	0.765
435	0.145	15.039	14.227	1.613	0.586	0.316	135.129	0.702	0.618	2329	2194	137.090	0.347	1.854	0.539	0.939
436	0.086	18.935	14.152	1.239	0.439	0.249	41.329	0.703	0.473	2945	2247	43.363	0.269	1.763	0.567	0.906
437	0.001	17.189	14.008	0.123	0.041	0.039	149.036	1.000	0.046	2695	2195	123.690	0.038	1.058	0.945	0.925
438	0.001	4.180	14.060	0.134	0.047	0.038	98.365	0.972	0.053	655	2202	104.036	0.038	1.242	0.805	0.872
439	0.077	16.086	14.217	1.198	0.445	0.222	136.616	0.678	0.471	2493	2209	140.492	0.237	2.007	0.498	0.910
440	0.059	22.518	14.144	0.983	0.348	0.217	5.404	0.772	0.349	3507	2212	170.538	0.223	1.599	0.626	0.947
441	0.080	20.626	14.224	1.177	0.379	0.268	151.147	0.723	0.432	3210	2215	148.891	0.293	1.411	0.709	0.922
442	0.066	11.912	14.198	1.061	0.386	0.217	0.533	0.733	0.405	1837	2232	7.237	0.236	1.782	0.561	0.926
443	4.062E-4	3.846	14.099	0.071	0.025	0.020	90.000	1.000	0.029	603	2210	116.565	0.019	1.236	0.809	0.909
444	2.437E-4	20.327	14.091	0.049	0.022	0.014	0.000	1.000	0.023	3188	2210	146.310	0.013	1.500	0.667	1.000
445	0.067	19.878	14.276	1.128	0.456	0.187	128.036	0.661	0.469	3093	2213	131.698	0.199	2.436	0.410	0.936
446	0.104	18.204	14.341	1.288	0.421	0.315	47.984	0.789	0.440	2832	2274	31.390	0.321	1.335	0.749	0.934
447	0.053	4.614	14.254	0.911	0.320	0.213	22.107	0.809	0.338	702	2249	31.891	0.226	1.505	0.664	0.952
448	0.062	16.639	14.303	1.023	0.347	0.228	169.520	0.748	0.384	2583	2243	175.236	0.249	1.520	0.658	0.912
449	0.063	17.303	14.331	1.012	0.361	0.223	30.402	0.776	0.365	2692	2265	27.013	0.233	1.616	0.619	0.938
450	0.076	11.315	14.420	1.192	0.434	0.223	104.177	0.673	0.431	1760	2230	113.532	0.249	1.942	0.515	0.899
451	3.249E-4	21.118	14.246	0.058	0.023	0.018	135.000	1.000	0.027	3312	2234	135.000	0.019	1.229	0.814	0.941
452	0.008	1.617	14.325	0.360	0.111	0.092	162.246	0.779	0.125	246	2252	14.744	0.102	1.210	0.827	0.872
453	0.121	10.645	14.566	1.435	0.466	0.332	122.983	0.741	0.513	1657	2251	122.307	0.341	1.405	0.712	0.925
454	0.069	12.704	14.523	1.028	0.330	0.265	154.673	0.815	0.345	1966	2274	160.560	0.274	1.248	0.801	0.935
455	2.843E-4	17.880	14.392	0.058	0.020	0.018	0.000	1.000	0.023	2804	2257	123.690	0.019	1.069	0.936	0.875
456	3.656E-4	1.252	14.470	0.062	0.022	0.022	0.000	1.000	0.027	195	2269	135.000	0.019	1.000	1.000	1.000
457	0.085	13.932	14.618	1.154	0.366	0.295	38.808	0.800	0.389	2161	2305	21.105	0.306	1.243	0.805	0.948
458	0.063	9.455	14.611	1.025	0.391	0.205	23.537	0.753	0.395	1455	2301	20.772	0.216	1.907	0.524	0.935
459	7.311E-4	18.817	14.508	0.094	0.034	0.027	128.474	1.000	0.037	2951	2274	120.964	0.031	1.257	0.795	0.857
460	0.098	23.667	14.625	1.446	0.536	0.233	177.944	0.588	0.597	3671	2285	173.254	0.253	2.303	0.434	0.915
461	0.079	9.049	14.637	1.105	0.396	0.254	4.462	0.813	0.399	1388	2299	8.259	0.261	1.562	0.640	0.958
462	4.468E-4	1.691	14.532	0.071	0.028	0.020	105.071	1.000	0.032	264	2278	126.870	0.019	1.372	0.729	0.957
463	0.145	1.738	14.806	1.630	0.482	0.382	111.514	0.685	0.530	280	2279	93.447	0.393	1.261	0.793	0.909
464	0.114	2.596	14.741	1.427	0.531	0.273	137.178	0.702	0.554	373	2289	142.472	0.302	1.947	0.514	0.919
465	0.237	6.532	14.778	1.953	0.646	0.467	161.891	0.781	0.665	979	2290	145.548	0.478	1.382	0.724	0.947
466	0.073	24.635	14.724	1.056	0.353	0.262	150.821	0.818	0.363	3841	2294	161.565	0.271	1.349	0.741	0.950
467	0.081	8.287	14.730	1.231	0.445	0.231	164.996	0.670	0.456	1273	2289	151.645	0.235	1.923	0.520	0.918
468	0.147	20.163	14.802	1.680	0.641	0.292	22.790	0.655	0.656	3114	2343	24.075	0.298	2.192	0.456	0.939
469	0.058	7.507	14.736	0.951	0.299	0.247	31.980	0.806	0.320	1155	2321	23.499	0.261	1.210	0.827	0.928
470	0.108	22.556	14.773	1.393	0.521	0.265	157.314	0.703	0.554	3498	2302	156.975	0.276	1.963	0.510	0.949
471	0.069	9.968	14.757	1.054	0.342	0.259	9.795	0.785	0.361	1535	2316	8.130	0.268	1.322	0.756	0.932
472	5.280E-4	13.313	14.669	0.080	0.028	0.024	13.776	1.000	0.032	2087	2300	143.130	0.025	1.148	0.871	0.897
473	0.002	12.522	14.700	0.172	0.057	0.053	86.224	1.000	0.063	1961	2310	45.000	0.051	1.076	0.929	0.913
474	0.128	4.650	14.932	1.512	0.519	0.314	140.942	0.703	0.543	716	2304	125.929	0.327	1.651	0.606	0.928
475	0.080	13.314	14.870	1.151	0.428	0.239	137.657	0.761	0.429	2062	2314	139.214	0.248	1.793	0.558	0.936
476	0.085	5.620	14.870	1.114	0.345	0.315	124.853	0.862	0.368	859	2313	146.310	0.322	1.094	0.914	0.959
477	0.074	11.886	14.886	1.136	0.387	0.244	101.949	0.720	0.405	1849	2309	114.146	0.272	1.586	0.631	0.927
478	0.160	0.872	14.924	1.665	0.553	0.368	17.569	0.724	0.580	104	2371	35.611	0.374	1.503	0.665	0.938
479	0.076	21.240	14.930	1.103	0.362	0.269	129.644	0.790	0.394	3314	2319	140.906	0.283	1.344	0.744	0.950
480	0.138	3.470	14.944	1.647	0.602	0.291	9.865	0.637	0.635	496	2365	13.339	0.310	2.067	0.484	0.916
481	4.874E-4	13.492	14.811	0.072	0.025	0.025	0.000	1.000	0.029	2116	2322	116.565	0.025	1.000	1.000	0.857
482	0.061	19.132	14.941	0.981	0.325	0.240	137.869	0.801	0.344	2982	2326	128.991	0.249	1.354	0.739	0.934
483	8.530E-4	12.922	14.872	0.098	0.033	0.033	0.000	1.000	0.037	2026	2331	120.964	0.032	1.000	1.000	0.913
484	0.036	21.990	14.989	0.748	0.281	0.162	109.429	0.801	0.278	3444	2331	105.945	0.165	1.734	0.577	0.949
485	0.091	17.092	15.123	1.250	0.453	0.256	76.138	0.733	0.470	2677	2408	81.431	0.275	1.771	0.565	0.931
486	0.076	11.120	15.094	1.100	0.370	0.261	19.070	0.788	0.395	1717	2378	10.222	0.273	1.415	0.707	0.942
487	3.249E-4	17.305	14.968	0.058	0.023	0.018	135.000	1.000	0.027	2714	2347	135.000	0.019	1.229	0.814	0.941
488	0.052	16.038	15.126	0.905	0.310	0.214	73.546	0.801	0.340	2513	2400	77.005	0.225	1.448	0.691	0.940
489	0.127	12.721	15.153	1.481	0.521	0.310	11.727	0.727	0.560	1954	2380	11.821	0.331	1.681	0.595	0.931
490	0.087	15.199	15.165	1.200	0.447	0.247	17.963	0.757	0.466	2354	2396	30.426	0.253	1.806	0.554	0.955
491	0.079	24.833	15.183	1.088	0.348	0.288	26.875	0.837	0.364	3877	2404	32.856	0.295	1.207	0.829	0.953
492	0.064	10.402	15.231	1.046	0.398	0.204	63.552	0.733	0.415	1622	2423	72.121	0.214	1.947	0.514	0.948
493	0.055	14.234	15.193	0.927	0.324	0.217	148.136	0.807	0.331	2214	2365	127.972	0.219	1.497	0.668	0.945
494	0.054	23.336	15.225	0.998	0.335	0.206	10.213	0.683	0.369	3634	2402	18.122	0.215	1.628	0.614	0.915
495	0.012	13.809	15.214	0.429	0.160	0.093	174.650	0.792	0.168	2153	2388	171.254	0.096	1.722	0.581	0.932
496	0.061	19.825	15.322	0.948	0.291	0.267	76.930	0.855	0.311	3096	2424	44.170	0.268	1.089	0.918	0.955
497	0.190	7.840	15.368	1.834	0.646	0.374	175.177	0.710	0.698	1178	2399	174.758	0.413	1.725	0.580	0.942
498	0.058	22.453	15.338	0.933	0.280	0.263	149.502	0.838	0.297	3500	2415	8.653	0.267	1.065	0.939	0.932
499	0.064	9.430	15.352	1.079	0.422	0.192	3.414	0.686	0.417	1449	2401	172.983	0.196	2.201	0.454	0.935
500	5.686E-4	1.452	15.276	0.080	0.027	0.027	90.000	1.000	0.032	226	2395	126.870	0.025	1.020	0.981	0.933
501	0.125	8.742	15.508	1.412	0.493	0.324	56.797	0.790	0.501	1344	2462	53.276	0.325	1.521	0.658	0.956
502	0.152	13.466	15.483	1.594	0.542	0.357	178.441	0.751	0.549	2075	2419	164.511	0.357	1.516	0.659	0.947
503	0.069	6.716	15.516	1.030	0.335	0.264	3.290	0.822	0.347	1029	2447	20.433	0.282	1.271	0.787	0.939
504	1.625E-4	16.404	15.397	0.036	0.014	0.014	0.000	1.000	0.018	2573	2415	135.000	0.013	1.000	1.000	1.000
505	0.087	17.712	15.544	1.174	0.405	0.273	165.604	0.790	0.417	2747	2432	161.288	0.280	1.483	0.674	0.951
506	0.150	20.790	15.623	1.641	0.513	0.372	178.440	0.699	0.566	3222	2459	14.349	0.401	1.378	0.726	0.903
507	0.084	11.680	15.568	1.247	0.461	0.231	9.853	0.675	0.492	1796	2452	13.496	0.263	1.998	0.500	0.915
508	0.049	16.189	15.575	0.859	0.289	0.215	1.785	0.832	0.303	2518	2439	165.379	0.223	1.341	0.746	0.946
509	0.108	15.364	15.679	1.385	0.511	0.270	40.349	0.710	0.541	2384	2490	46.909	0.296	1.892	0.529	0.945
510	0.086	18.675	15.715	1.172	0.424	0.258	78.191	0.786	0.439	2925	2498	76.569	0.266	1.639	0.610	0.951
511	0.156	6.037	15.687	1.652	0.591	0.336	164.539	0.718	0.599	900	2451	159.444	0.360	1.761	0.568	0.917
512	0.147	5.037	15.755	1.517	0.518	0.361	72.790	0.803	0.530	779	2513	71.783	0.378	1.435	0.697	0.959
513	0.052	12.523	15.752	0.910	0.282	0.233	60.848	0.784	0.308	1944	2487	55.981	0.244	1.211	0.826	0.929
514	0.065	14.512	15.736	0.970	0.329	0.251	162.282	0.868	0.349	2252	2459	161.896	0.265	1.310	0.763	0.953
515	0.074	13.963	15.795	1.111	0.396	0.238	125.503	0.756	0.427	2173	2452	127.725	0.254	1.662	0.602	0.944
516	0.070	1.127	15.788	1.058	0.383	0.234	142.703	0.790	0.404	153	2460	142.046	0.251	1.635	0.612	0.955
517	0.184	4.134	15.867	1.802	0.608	0.384	149.553	0.711	0.680	604	2454	141.089	0.415	1.581	0.632	0.928
518	0.100	16.767	15.873	1.351	0.505	0.253	109.420	0.691	0.524	2624	2454	106.232	0.270	1.994	0.502	0.934
519	0.086	8.051	15.874	1.184	0.369	0.295	135.889	0.767	0.397	1241	2472	150.141	0.305	1.248	0.801	0.934
520	0.085	24.595	15.864	1.229	0.446	0.244	163.129	0.711	0.458	3829	2467	148.079	0.264	1.828	0.547	0.922
521	0.071	10.549	15.855	1.031	0.356	0.255	23.456	0.841	0.377	1630	2503	30.466	0.268	1.397	0.716	0.949
522	0.153	2.826	15.914	1.637	0.602	0.323	170.102	0.716	0.613	397	2485	163.072	0.325	1.863	0.537	0.932
523	0.098	9.622	15.928	1.237	0.398	0.314	164.180	0.806	0.423	1483	2484	149.184	0.319	1.266	0.790	0.945
524	0.130	1.841	15.949	1.463	0.479	0.347	14.040	0.765	0.505	253	2520	23.009	0.370	1.380	0.725	0.922
525	7.717E-4	17.018	15.834	0.098	0.037	0.027	138.221	1.000	0.041	2668	2482	128.660	0.031	1.380	0.725	0.884
526	0.061	22.572	15.971	1.011	0.340	0.228	32.598	0.748	0.372	3514	2519	30.964	0.252	1.490	0.671	0.917
527	0.079	12.137	16.069	1.232	0.476	0.211	70.753	0.655	0.488	1893	2559	72.512	0.222	2.252	0.444	0.925
528	0.097	21.345	16.031	1.313	0.507	0.244	142.622	0.710	0.516	3314	2494	144.545	0.253	2.075	0.482	0.932
529	3.249E-4	18.465	15.911	0.058	0.023	0.018	135.000	1.000	0.027	2896	2495	135.000	0.019	1.229	0.814	0.941
530	0.063	20.376	16.120	1.054	0.412	0.193	97.143	0.708	0.417	3193	2497	97.017	0.201	2.133	0.469	0.933
531	0.073	11.599	16.083	1.120	0.408	0.226	2.561	0.727	0.414	1792	2511	165.750	0.231	1.803	0.555	0.938
532	0.055	7.100	16.113	0.966	0.334	0.209	17.817	0.739	0.363	1085	2538	18.435	0.229	1.596	0.627	0.920
533	0.058	8.844	16.137	0.969	0.327	0.227	163.196	0.781	0.357	1359	2526	161.241	0.236	1.443	0.693	0.941
534	0.117	19.479	16.250	1.364	0.457	0.326	140.027	0.790	0.465	3030	2523	131.112	0.338	1.401	0.714	0.936
535	0.132	23.376	16.227	1.645	0.620	0.272	174.727	0.616	0.634	3621	2551	174.232	0.285	2.276	0.439	0.930
536	0.082	15.907	16.333	1.232	0.414	0.253	71.838	0.682	0.471	2481	2598	80.665	0.274	1.637	0.611	0.931
537	0.068	14.791	16.255	1.075	0.362	0.238	20.552	0.734	0.416	2292	2562	27.350	0.254	1.522	0.657	0.928
538	0.088	13.937	16.383	1.207	0.371	0.303	109.510	0.761	0.406	2171	2540	131.186	0.316	1.223	0.818	0.922
539	0.093	21.978	16.380	1.216	0.388	0.306	3.175	0.794	0.418	3414	2568	164.055	0.312	1.267	0.789	0.943
540	0.091	5.481	16.437	1.232	0.447	0.258	101.467	0.750	0.468	846	2547	107.447	0.281	1.729	0.578	0.946
541	0.072	6.294	16.375	1.075	0.390	0.236	142.603	0.786	0.407	963	2551	144.567	0.257	1.652	0.605	0.950
542	0.124	10.652	16.429	1.439	0.490	0.322	28.143	0.753	0.530	1634	2599	25.641	0.343	1.522	0.657	0.942
543	0.106	2.776	16.400	1.358	0.486	0.278	179.909	0.723	0.506	396	2569	169.114	0.280	1.751	0.571	0.935
544	0.070	18.288	16.433	1.079	0.372	0.239	36.782	0.752	0.393	2849	2601	49.600	0.256	1.556	0.643	0.937
545	0.073	24.492	16.423	1.096	0.403	0.230	4.782	0.761	0.421	3810	2584	10.460	0.243	1.756	0.569	0.939
546	0.117	1.197	16.517	1.327	0.401	0.371	56.757	0.834	0.437	167	2622	43.229	0.370	1.079	0.927	0.951
547	0.081	17.502	16.446	1.169	0.424	0.244	171.595	0.748	0.444	2711	2572	171.754	0.262	1.734	0.577	0.951
548	0.092	9.902	16.490	1.208	0.411	0.285	20.451	0.794	0.443	1521	2593	18.435	0.305	1.441	0.694	0.941
549	0.065	1.926	16.536	1.094	0.338	0.245	167.517	0.685	0.367	275	2580	159.677	0.253	1.377	0.726	0.890
550	2.031E-4	18.754	16.417	0.049	0.020	0.013	161.565	1.000	0.023	2941	2575	146.310	0.013	1.553	0.644	0.909
551	0.074	20.971	16.537	1.123	0.387	0.242	177.078	0.733	0.404	3256	2592	168.158	0.255	1.597	0.626	0.927
552	8.123E-4	19.005	16.443	0.098	0.039	0.027	90.000	1.000	0.040	2981	2577	108.435	0.025	1.435	0.697	0.909
553	0.072	7.462	16.561	1.091	0.411	0.223	10.365	0.761	0.414	1138	2607	14.250	0.246	1.838	0.544	0.940
554	0.104	8.312	16.591	1.345	0.475	0.278	0.902	0.720	0.501	1269	2610	7.306	0.300	1.711	0.584	0.935
555	0.158	3.887	16.647	1.631	0.611	0.330	23.712	0.748	0.601	572	2641	34.196	0.335	1.850	0.540	0.956
556	0.070	20.181	16.595	1.041	0.369	0.242	9.289	0.815	0.383	3140	2617	18.435	0.242	1.522	0.657	0.956
557	0.100	11.465	16.692	1.227	0.402	0.317	35.161	0.837	0.432	1771	2637	37.208	0.331	1.266	0.790	0.957
558	0.007	16.113	16.597	0.315	0.100	0.088	103.759	0.882	0.111	2525	2596	103.241	0.096	1.133	0.883	0.893
559	0.043	12.576	16.672	0.848	0.245	0.224	147.927	0.754	0.272	1952	2622	32.574	0.240	1.091	0.916	0.930
560	0.079	9.175	16.757	1.103	0.365	0.277	24.664	0.821	0.371	1417	2649	40.815	0.285	1.317	0.759	0.950
561	0.106	16.896	16.820	1.343	0.426	0.318	37.090	0.741	0.468	2617	2658	33.906	0.345	1.337	0.748	0.913
562	0.050	4.515	16.741	0.895	0.290	0.220	16.174	0.786	0.322	683	2630	18.435	0.230	1.319	0.758	0.921
563	0.065	14.357	16.786	1.012	0.334	0.247	167.059	0.793	0.359	2224	2627	160.278	0.261	1.352	0.740	0.928
564	0.076	13.217	16.907	1.113	0.393	0.246	131.003	0.771	0.415	2058	2624	122.471	0.260	1.594	0.628	0.940
565	0.105	15.894	16.970	1.318	0.456	0.294	67.249	0.762	0.464	2484	2695	71.565	0.308	1.549	0.646	0.936
566	0.083	6.719	16.944	1.188	0.402	0.263	179.695	0.739	0.436	1018	2657	174.123	0.278	1.528	0.655	0.921
567	0.067	2.548	17.025	1.086	0.407	0.208	50.566	0.709	0.420	377	2693	49.304	0.235	1.955	0.512	0.918
568	0.073	15.055	16.987	1.105	0.377	0.246	30.572	0.750	0.422	2335	2684	28.887	0.268	1.533	0.652	0.930
569	0.092	5.044	17.027	1.315	0.516	0.227	157.458	0.668	0.524	756	2649	148.438	0.232	2.270	0.441	0.940
570	0.077	1.886	17.077	1.060	0.325	0.302	11.105	0.863	0.339	274	2696	34.287	0.312	1.076	0.930	0.951
571	0.078	10.797	17.107	1.123	0.388	0.258	23.270	0.781	0.407	1665	2699	35.433	0.267	1.506	0.664	0.941
572	0.078	13.625	17.148	1.105	0.394	0.251	63.246	0.797	0.409	2124	2719	59.036	0.252	1.571	0.637	0.954
573	0.089	1.064	17.200	1.193	0.415	0.272	61.735	0.783	0.425	145	2723	54.162	0.278	1.524	0.656	0.940
574	0.129	11.785	17.259	1.547	0.537	0.307	1.515	0.679	0.569	1808	2696	164.407	0.330	1.748	0.572	0.901
575	0.091	7.499	17.353	1.212	0.380	0.304	144.508	0.776	0.422	1152	2708	151.113	0.325	1.249	0.800	0.949
576	0.088	8.448	17.351	1.216	0.423	0.266	12.874	0.751	0.452	1294	2737	21.501	0.280	1.587	0.630	0.938
577	0.158	9.752	17.508	1.630	0.586	0.343	2.907	0.746	0.617	1480	2751	7.712	0.369	1.710	0.585	0.944
