 	Area	X	Y	Perim.	Major	Minor	Angle	Circ.	Feret	FeretX	FeretY	FeretAngle	MinFeret	AR	Round	Solidity
1	1.511	19.571	1.831	7.952	3.332	0.578	63.252	0.300	3.486	2139	383	62.222	0.694	5.768	0.173	0.826
2	9.812E-4	7.758	0.264	0.108	0.038	0.033	13.776	1.000	0.043	891	29	143.130	0.035	1.148	0.871	0.897
3	1.532	14.948	1.540	7.681	3.590	0.543	44.615	0.326	3.460	1589	323	46.730	0.594	6.608	0.151	0.908
4	2.993	28.386	1.869	8.645	3.562	1.070	74.077	0.503	3.513	3192	413	69.593	1.126	3.329	0.300	0.941
5	2.066	17.735	1.493	6.680	2.507	1.049	44.746	0.582	2.425	1925	256	32.267	1.018	2.390	0.418	0.942
6	1.897	12.445	1.839	7.103	2.828	0.854	59.921	0.472	2.923	1362	350	61.988	0.933	3.311	0.302	0.920
7	3.634	8.051	1.989	9.349	3.869	1.196	43.222	0.523	3.748	754	327	35.090	1.222	3.234	0.309	0.944
8	1.421	21.377	1.606	6.340	2.524	0.717	67.740	0.444	2.545	2394	341	58.969	0.834	3.522	0.284	0.945
9	1.326	26.246	1.511	5.876	2.042	0.827	89.873	0.483	2.230	3006	67	94.245	0.890	2.470	0.405	0.921
10	1.710	23.261	1.741	5.821	2.119	1.027	68.938	0.634	2.198	2610	319	57.755	1.083	2.064	0.485	0.949
11	3.569	4.993	2.041	8.603	2.885	1.575	22.481	0.606	2.954	447	346	29.808	1.595	1.831	0.546	0.923
12	7.547E-4	20.742	1.075	0.096	0.034	0.028	90.000	1.000	0.039	2386	122	116.565	0.026	1.236	0.809	0.909
13	2.186	2.011	1.752	6.352	2.263	1.230	179.824	0.681	2.207	109	166	154.847	1.251	1.840	0.543	0.944
14	0.484	24.670	2.016	3.401	1.216	0.507	80.941	0.526	1.304	2848	145	92.291	0.542	2.398	0.417	0.930
15	1.949	10.304	2.098	6.261	1.925	1.289	35.210	0.625	1.920	1094	297	24.594	1.280	1.494	0.669	0.956
16	0.002	18.876	1.738	0.173	0.057	0.052	65.206	0.984	0.068	2170	203	50.194	0.052	1.098	0.911	0.925
17	0.002	18.914	2.116	0.150	0.052	0.046	10.870	1.000	0.058	2174	245	26.565	0.043	1.147	0.872	0.909
18	6.038E-4	2.393	2.378	0.119	0.054	0.014	172.534	0.539	0.055	272	273	161.565	0.017	3.759	0.266	0.800
19	6.793E-4	2.489	2.393	0.084	0.029	0.029	0.000	1.000	0.037	285	274	135.000	0.026	1.000	1.000	1.000
20	3.019E-4	13.587	2.398	0.049	0.020	0.020	0.000	1.000	0.025	1563	275	135.000	0.017	1.000	1.000	1.000
21	1.538	14.189	3.966	6.542	2.641	0.741	43.853	0.451	2.650	1492	568	35.931	0.868	3.562	0.281	0.919
22	1.802	19.356	4.686	7.265	3.019	0.760	72.050	0.429	3.065	2181	699	74.545	0.793	3.971	0.252	0.937
23	1.989	17.189	4.729	7.426	3.064	0.827	68.466	0.453	3.161	1904	709	67.029	0.901	3.706	0.270	0.929
24	3.204	1.875	4.753	7.735	2.760	1.478	128.433	0.673	2.916	155	394	120.232	1.524	1.867	0.536	0.951
25	1.162	15.802	4.555	5.635	2.373	0.623	62.467	0.460	2.353	1748	639	61.069	0.675	3.806	0.263	0.910
26	1.222	12.043	4.414	5.843	2.237	0.696	37.853	0.450	2.390	1325	603	43.675	0.798	3.216	0.311	0.917
27	1.074	22.696	4.404	4.641	1.586	0.863	63.664	0.627	1.758	2607	604	72.460	0.938	1.838	0.544	0.941
28	0.561	21.322	4.372	3.919	1.650	0.433	61.651	0.459	1.632	2392	570	54.533	0.467	3.810	0.262	0.900
29	1.621	7.544	4.760	6.017	1.805	1.144	90.877	0.563	1.830	838	653	70.017	1.208	1.578	0.634	0.932
30	0.908	24.458	4.684	4.488	1.876	0.616	54.152	0.567	1.850	2754	628	53.399	0.621	3.044	0.329	0.950
31	5.283E-4	22.042	4.018	0.074	0.027	0.025	90.000	1.000	0.031	2536	461	123.690	0.026	1.069	0.936	0.875
32	0.681	27.867	4.733	3.913	1.640	0.529	66.201	0.559	1.578	3163	626	59.199	0.545	3.101	0.322	0.946
33	0.754	25.894	4.764	4.004	1.544	0.622	69.208	0.591	1.525	2967	639	80.162	0.664	2.481	0.403	0.919
34	1.327	9.677	4.789	4.827	1.431	1.181	111.971	0.716	1.596	1042	492	139.635	1.130	1.212	0.825	0.944
35	1.381	4.699	4.827	5.427	1.785	0.986	157.925	0.589	1.910	441	548	160.329	1.037	1.811	0.552	0.935
36	3.019E-4	10.225	4.648	0.049	0.020	0.020	0.000	1.000	0.025	1176	534	135.000	0.017	1.000	1.000	1.000
37	1.509E-4	20.168	4.900	0.042	0.020	0.010	90.000	1.000	0.019	2321	563	116.565	0.009	2.000	0.500	1.000
38	0.001	17.795	4.964	0.114	0.047	0.028	7.161	1.000	0.051	2046	573	30.964	0.026	1.662	0.602	0.966
39	0.745	26.983	6.497	3.885	1.476	0.643	111.698	0.620	1.481	3099	666	101.508	0.647	2.296	0.436	0.936
40	0.896	21.802	6.860	4.859	2.000	0.570	112.047	0.477	2.034	2465	683	113.938	0.584	3.507	0.285	0.925
41	0.747	25.009	6.632	4.163	1.605	0.592	127.493	0.541	1.668	2808	691	131.411	0.618	2.712	0.369	0.899
42	0.948	10.510	6.971	4.418	1.670	0.723	103.621	0.610	1.717	1208	700	97.269	0.744	2.311	0.433	0.932
43	0.840	12.207	6.997	4.220	1.705	0.627	110.967	0.593	1.656	1382	711	105.202	0.636	2.718	0.368	0.932
44	0.685	9.117	7.179	4.915	2.148	0.406	75.481	0.356	2.103	1017	955	75.160	0.430	5.287	0.189	0.903
45	0.610	13.601	6.887	3.516	1.361	0.571	120.371	0.620	1.413	1515	742	127.504	0.617	2.383	0.420	0.950
46	0.225	23.406	6.685	1.957	0.734	0.390	114.919	0.738	0.740	2673	735	123.503	0.421	1.880	0.532	0.941
47	0.528	20.193	6.929	3.465	1.383	0.486	132.589	0.553	1.372	2262	757	141.170	0.557	2.842	0.352	0.894
48	0.507	15.106	6.950	3.054	1.083	0.596	132.753	0.684	1.085	1699	750	119.233	0.616	1.817	0.550	0.925
49	1.042	16.634	7.278	4.583	1.783	0.744	124.105	0.623	1.768	1855	752	117.195	0.766	2.395	0.418	0.916
50	0.690	18.416	7.072	3.714	1.339	0.656	141.638	0.629	1.420	2049	768	136.736	0.665	2.041	0.490	0.940
51	0.580	7.980	7.603	4.173	1.715	0.431	79.994	0.418	1.808	897	973	78.636	0.485	3.982	0.251	0.907
52	0.931	3.709	7.691	4.883	2.058	0.576	80.028	0.490	1.970	392	1000	74.922	0.617	3.574	0.280	0.922
53	0.968	5.015	7.831	4.470	1.789	0.689	89.385	0.609	1.784	555	1000	78.198	0.684	2.598	0.385	0.949
54	0.423	6.716	7.511	2.946	0.933	0.578	122.506	0.613	1.010	727	846	152.333	0.580	1.615	0.619	0.885
55	0.645	1.621	7.663	3.749	1.399	0.587	111.414	0.577	1.454	138	825	118.556	0.633	2.383	0.420	0.929
56	4.528E-4	17.701	7.628	0.067	0.029	0.020	0.000	1.000	0.031	2036	877	146.310	0.017	1.500	0.667	1.000
57	0.844	22.174	8.568	4.779	1.886	0.570	37.218	0.464	1.912	2466	1052	31.812	0.620	3.311	0.302	0.868
58	0.393	25.879	8.425	2.958	1.167	0.428	138.119	0.564	1.236	2931	925	137.564	0.467	2.724	0.367	0.921
59	0.601	27.589	8.512	3.172	0.911	0.840	125.844	0.751	1.031	3140	927	145.641	0.877	1.085	0.921	0.940
60	0.978	18.556	8.953	5.378	2.316	0.538	136.375	0.425	2.358	2040	931	131.265	0.527	4.308	0.232	0.945
61	0.325	23.989	8.506	2.935	1.249	0.332	160.913	0.475	1.208	2698	956	164.564	0.347	3.762	0.266	0.920
62	0.481	13.233	8.944	3.477	1.416	0.432	129.142	0.500	1.435	1473	959	126.384	0.449	3.274	0.305	0.906
63	0.462	20.387	8.803	2.912	0.984	0.598	148.486	0.685	1.093	2283	998	160.989	0.595	1.645	0.608	0.922
64	6.038E-4	17.465	8.569	0.079	0.031	0.025	45.000	1.000	0.037	2009	988	45.000	0.026	1.229	0.814	0.941
65	0.376	16.716	9.017	2.606	0.950	0.504	138.513	0.696	0.960	1886	994	131.332	0.517	1.885	0.531	0.940
66	0.367	15.046	8.986	2.731	1.024	0.457	148.737	0.619	1.033	1672	1005	160.346	0.519	2.240	0.446	0.922
67	0.423	11.872	9.186	2.549	0.831	0.648	177.551	0.818	0.860	1321	1077	23.199	0.652	1.282	0.780	0.958
68	0.254	10.617	9.345	2.798	1.073	0.301	52.210	0.407	1.215	1168	1137	52.556	0.350	3.566	0.280	0.874
69	0.475	7.350	9.424	2.815	0.843	0.717	124.694	0.753	0.924	822	1040	111.501	0.768	1.176	0.850	0.932
70	6.038E-4	16.321	9.049	0.079	0.031	0.025	45.000	1.000	0.037	1877	1043	45.000	0.026	1.229	0.814	0.941
71	0.404	1.998	9.739	3.568	1.557	0.330	121.816	0.398	1.557	180	1043	124.311	0.346	4.716	0.212	0.922
72	0.575	9.071	9.545	3.389	1.392	0.526	147.548	0.629	1.350	980	1053	148.151	0.536	2.647	0.378	0.942
73	0.568	5.722	9.718	3.505	1.355	0.534	48.663	0.581	1.411	592	1163	40.754	0.606	2.539	0.394	0.919
74	0.605	3.706	9.884	4.338	1.761	0.438	33.790	0.404	1.860	331	1210	32.800	0.499	4.025	0.248	0.871
75	0.001	12.394	9.441	0.128	0.044	0.039	25.406	1.000	0.051	1424	1088	30.964	0.043	1.130	0.885	0.857
76	0.555	23.862	10.118	3.885	1.727	0.409	130.654	0.462	1.713	2686	1084	130.475	0.443	4.218	0.237	0.926
77	0.240	27.394	10.146	2.539	1.069	0.286	150.324	0.468	1.062	3101	1130	140.974	0.307	3.736	0.268	0.892
78	0.478	25.749	10.200	2.674	0.860	0.707	168.924	0.839	0.926	2915	1156	170.272	0.738	1.217	0.822	0.964
79	0.335	17.309	10.632	2.609	0.941	0.454	131.370	0.619	0.935	1951	1183	144.834	0.498	2.073	0.482	0.888
80	0.428	15.744	10.663	3.294	1.359	0.401	155.792	0.496	1.326	1747	1184	144.331	0.408	3.388	0.295	0.916
81	0.457	19.039	10.851	3.790	1.558	0.373	143.152	0.400	1.639	2134	1190	139.300	0.420	4.174	0.240	0.888
82	0.559	20.677	10.706	3.264	1.060	0.672	163.853	0.660	1.097	2332	1191	144.673	0.691	1.577	0.634	0.902
83	0.490	22.110	10.774	2.697	0.888	0.703	131.083	0.847	0.941	2518	1193	118.695	0.700	1.264	0.791	0.966
84	0.001	27.530	10.436	0.108	0.041	0.033	144.485	1.000	0.049	3167	1199	135.000	0.035	1.239	0.807	0.933
85	0.002	21.328	10.584	0.163	0.059	0.046	149.932	1.000	0.068	2452	1216	140.194	0.051	1.295	0.772	0.889
86	0.454	14.163	11.098	2.993	1.085	0.533	137.788	0.637	1.142	1574	1245	145.222	0.563	2.036	0.491	0.912
87	0.280	11.150	11.175	3.115	1.069	0.333	115.699	0.362	1.103	1252	1228	120.809	0.367	3.208	0.312	0.877
88	0.399	12.732	11.180	2.666	0.918	0.554	124.137	0.706	1.022	1446	1232	121.799	0.593	1.659	0.603	0.946
89	0.471	7.886	11.559	3.808	1.592	0.376	136.919	0.408	1.683	832	1260	134.582	0.423	4.230	0.236	0.890
90	0.264	6.132	11.314	2.785	1.203	0.279	150.107	0.427	1.228	646	1267	152.166	0.316	4.312	0.232	0.885
91	0.240	25.788	11.677	2.751	1.196	0.256	85.466	0.399	1.202	2968	1417	85.855	0.282	4.671	0.214	0.898
92	0.087	9.564	11.288	1.418	0.569	0.194	21.884	0.542	0.621	1067	1308	17.928	0.221	2.931	0.341	0.904
93	0.620	2.059	11.650	4.036	1.525	0.518	150.391	0.479	1.583	164	1290	145.961	0.561	2.945	0.340	0.910
94	0.473	4.124	11.847	3.528	1.491	0.404	134.627	0.478	1.490	418	1294	131.217	0.407	3.692	0.271	0.922
95	0.138	27.298	11.547	2.600	0.960	0.183	147.300	0.257	0.996	3097	1297	144.230	0.233	5.242	0.191	0.717
96	0.310	24.183	11.902	2.703	1.155	0.341	123.461	0.532	1.166	2748	1314	123.453	0.356	3.385	0.295	0.939
97	0.546	22.762	12.155	3.293	1.307	0.532	138.842	0.633	1.347	2570	1335	132.125	0.553	2.456	0.407	0.945
98	0.552	16.100	12.281	3.980	1.639	0.429	157.121	0.438	1.632	1763	1365	149.612	0.481	3.819	0.262	0.886
99	0.357	18.369	12.387	2.830	1.176	0.386	119.878	0.559	1.186	2083	1370	121.827	0.403	3.048	0.328	0.932
100	0.220	19.750	12.372	2.095	0.790	0.354	99.907	0.629	0.837	2266	1372	99.560	0.369	2.230	0.448	0.945
101	0.431	20.937	12.295	3.052	1.227	0.447	162.663	0.581	1.249	2344	1400	168.768	0.467	2.746	0.364	0.940
102	0.164	14.511	12.573	2.064	0.904	0.231	136.926	0.483	0.895	1630	1419	140.906	0.249	3.918	0.255	0.905
103	0.286	11.477	12.780	2.521	1.019	0.357	141.892	0.565	1.052	1284	1423	138.013	0.396	2.852	0.351	0.931
104	0.412	12.875	12.649	2.930	1.141	0.460	170.484	0.603	1.156	1414	1450	177.847	0.500	2.484	0.403	0.919
105	7.547E-4	23.474	12.421	0.091	0.036	0.026	180.000	1.000	0.039	2700	1429	153.435	0.026	1.384	0.723	0.909
106	0.396	9.890	13.026	2.492	0.769	0.655	138.781	0.800	0.821	1127	1455	113.039	0.661	1.173	0.852	0.951
107	0.497	8.140	13.096	3.085	1.207	0.524	136.141	0.656	1.252	876	1458	148.627	0.527	2.302	0.434	0.958
108	0.238	25.748	13.065	2.492	1.028	0.295	44.203	0.483	1.041	2914	1536	40.601	0.355	3.480	0.287	0.868
109	0.321	27.398	12.997	2.742	1.190	0.344	154.873	0.537	1.143	3094	1467	155.772	0.357	3.464	0.289	0.943
110	0.384	2.165	13.199	3.242	1.269	0.386	143.946	0.460	1.315	194	1466	143.054	0.406	3.289	0.304	0.885
111	0.315	6.087	13.104	3.044	1.292	0.310	148.407	0.427	1.217	634	1480	155.996	0.330	4.163	0.240	0.882
112	0.248	24.404	13.275	2.280	0.938	0.337	140.216	0.600	0.926	2765	1502	147.653	0.361	2.787	0.359	0.914
113	0.429	4.439	13.532	3.973	1.755	0.311	158.979	0.341	1.759	408	1525	159.775	0.360	5.639	0.177	0.881
114	5.283E-4	6.068	13.270	0.074	0.033	0.021	135.000	1.000	0.037	697	1526	135.000	0.025	1.596	0.626	0.875
115	2.264E-4	11.773	13.291	0.049	0.021	0.014	135.000	1.000	0.025	1354	1529	135.000	0.017	1.464	0.683	0.857
116	0.170	19.713	13.502	1.675	0.551	0.394	160.844	0.764	0.574	2236	1541	169.540	0.397	1.398	0.715	0.924
117	0.379	23.026	13.601	2.679	0.914	0.528	171.652	0.663	0.962	2606	1533	149.036	0.516	1.732	0.577	0.928
118	0.247	21.041	13.814	2.649	1.124	0.279	47.127	0.441	1.161	2376	1645	46.515	0.341	4.026	0.248	0.878
119	0.336	16.317	13.792	3.250	1.260	0.339	162.468	0.400	1.360	1819	1565	162.144	0.417	3.715	0.269	0.815
120	0.245	18.259	13.736	2.312	0.930	0.335	179.640	0.575	0.980	2049	1572	173.379	0.356	2.780	0.360	0.938
121	0.293	14.846	13.846	2.486	0.830	0.449	171.055	0.596	0.936	1664	1565	167.125	0.495	1.848	0.541	0.893
122	0.188	10.226	14.219	2.345	1.023	0.234	115.392	0.430	1.024	1148	1583	120.046	0.246	4.369	0.229	0.918
123	0.271	11.702	14.281	2.355	0.960	0.360	29.702	0.614	0.976	1300	1670	28.163	0.375	2.668	0.375	0.942
124	0.186	8.548	14.339	2.147	0.869	0.273	149.285	0.508	0.864	942	1618	140.711	0.279	3.183	0.314	0.899
125	0.284	13.106	14.293	2.458	0.986	0.366	173.374	0.590	1.020	1454	1627	166.201	0.380	2.695	0.371	0.935
126	0.246	6.968	14.541	2.311	0.975	0.321	154.209	0.578	0.917	761	1642	142.696	0.322	3.038	0.329	0.939
127	0.096	27.325	14.448	1.206	0.358	0.343	51.707	0.833	0.400	3124	1675	42.357	0.348	1.045	0.957	0.950
128	0.155	23.057	14.635	2.072	0.815	0.242	129.798	0.453	0.866	2632	1645	121.457	0.274	3.366	0.297	0.851
129	0.238	19.368	14.643	2.188	0.818	0.371	49.818	0.626	0.875	2192	1728	49.830	0.412	2.204	0.454	0.928
130	0.283	5.340	14.692	2.626	1.068	0.337	148.221	0.515	1.083	564	1653	149.115	0.387	3.167	0.316	0.890
131	0.170	24.575	14.742	2.003	0.837	0.258	93.740	0.532	0.826	2832	1650	93.013	0.289	3.244	0.308	0.878
132	0.226	3.871	14.719	2.496	1.030	0.280	32.875	0.457	1.092	388	1727	33.311	0.304	3.676	0.272	0.914
133	0.345	18.028	14.729	2.674	0.859	0.512	35.919	0.607	1.022	2020	1739	40.865	0.542	1.679	0.596	0.877
134	0.104	21.497	14.682	1.450	0.589	0.225	144.636	0.623	0.602	2448	1674	146.768	0.257	2.616	0.382	0.921
135	0.121	25.410	14.659	1.452	0.522	0.296	152.112	0.722	0.533	2894	1675	149.676	0.321	1.764	0.567	0.916
136	0.084	26.303	14.577	1.319	0.562	0.191	171.875	0.608	0.547	2998	1670	162.429	0.189	2.943	0.340	0.937
137	0.234	15.893	14.767	2.355	0.937	0.318	165.418	0.531	0.970	1775	1681	167.583	0.334	2.943	0.340	0.906
138	0.362	2.021	14.972	3.372	1.243	0.371	19.662	0.400	1.361	157	1742	16.699	0.426	3.354	0.298	0.847
139	0.089	20.511	14.874	1.286	0.437	0.258	135.919	0.673	0.468	2346	1693	138.013	0.280	1.691	0.591	0.886
140	0.001	20.960	14.696	0.114	0.047	0.028	7.161	1.000	0.051	2410	1693	30.964	0.026	1.662	0.602	0.966
141	4.528E-4	22.683	14.808	0.067	0.029	0.020	90.000	1.000	0.031	2610	1703	123.690	0.017	1.500	0.667	1.000
142	0.184	16.874	15.048	1.860	0.747	0.313	29.343	0.668	0.755	1903	1750	23.025	0.324	2.385	0.419	0.941
143	0.243	14.171	15.042	2.483	1.053	0.294	16.823	0.495	1.067	1578	1754	16.074	0.318	3.586	0.279	0.908
144	0.177	27.288	15.444	2.248	0.922	0.244	109.355	0.439	0.984	3121	1717	109.075	0.270	3.779	0.265	0.893
145	0.230	11.045	15.429	2.233	0.883	0.331	54.292	0.579	0.942	1233	1815	55.138	0.348	2.668	0.375	0.936
146	0.092	22.352	15.270	1.314	0.494	0.238	89.799	0.672	0.530	2565	1786	79.611	0.243	2.078	0.481	0.943
147	0.096	19.688	15.161	1.372	0.554	0.221	166.554	0.643	0.565	2239	1733	157.380	0.232	2.506	0.399	0.941
148	0.173	12.655	15.235	2.198	0.925	0.238	12.460	0.449	0.966	1398	1768	11.411	0.252	3.888	0.257	0.924
149	0.101	23.722	15.214	1.378	0.579	0.221	4.795	0.665	0.565	2701	1763	14.250	0.219	2.621	0.381	0.954
150	0.100	20.357	15.412	1.322	0.469	0.271	51.964	0.718	0.517	2325	1800	49.086	0.312	1.733	0.577	0.919
151	0.142	6.657	15.402	1.813	0.755	0.240	7.701	0.544	0.761	721	1779	6.557	0.256	3.142	0.318	0.916
152	0.072	7.500	15.435	1.130	0.435	0.211	150.914	0.710	0.455	840	1768	151.477	0.229	2.063	0.485	0.922
153	3.774E-4	16.617	15.315	0.067	0.027	0.018	161.565	1.000	0.031	1911	1762	146.310	0.017	1.553	0.644	0.909
154	0.081	24.924	15.465	1.222	0.442	0.233	17.071	0.681	0.486	2841	1787	18.759	0.271	1.893	0.528	0.900
155	0.276	5.830	15.630	2.455	0.947	0.371	150.147	0.576	1.026	621	1777	154.954	0.409	2.554	0.392	0.920
156	0.248	3.547	15.746	2.154	0.779	0.405	113.004	0.672	0.837	386	1766	105.046	0.428	1.923	0.520	0.927
157	0.166	9.402	15.565	1.697	0.588	0.360	177.219	0.727	0.623	1046	1782	157.011	0.382	1.633	0.612	0.920
158	0.125	15.655	15.557	1.772	0.756	0.211	175.067	0.501	0.776	1758	1786	175.503	0.224	3.586	0.279	0.929
159	0.226	19.249	15.701	1.933	0.621	0.464	150.217	0.762	0.649	2179	1794	164.476	0.478	1.337	0.748	0.928
160	0.100	14.431	15.696	1.332	0.482	0.264	38.802	0.708	0.516	1634	1821	36.098	0.293	1.823	0.548	0.917
161	0.102	4.647	15.771	1.422	0.533	0.243	54.357	0.632	0.596	515	1844	53.297	0.276	2.193	0.456	0.915
162	0.262	8.377	15.799	2.284	0.920	0.363	8.911	0.631	0.926	910	1821	9.728	0.374	2.537	0.394	0.937
163	0.291	16.938	15.815	2.498	1.046	0.354	1.875	0.586	0.991	1896	1812	171.941	0.354	2.955	0.338	0.943
164	0.130	18.202	15.801	1.871	0.786	0.210	23.710	0.465	0.818	2056	1840	22.479	0.227	3.745	0.267	0.914
165	0.108	25.990	15.740	1.606	0.699	0.198	3.802	0.529	0.676	2953	1821	8.130	0.209	3.536	0.283	0.911
166	0.103	21.591	15.747	1.484	0.636	0.206	6.804	0.588	0.627	2450	1821	10.376	0.215	3.081	0.325	0.938
167	0.102	20.669	15.862	1.265	0.450	0.288	27.078	0.798	0.459	2353	1836	15.350	0.295	1.564	0.639	0.940
168	0.080	22.672	15.882	1.197	0.472	0.216	63.676	0.701	0.478	2598	1853	60.642	0.229	2.185	0.458	0.925
169	0.094	23.183	15.830	1.552	0.648	0.184	24.322	0.490	0.651	2635	1833	18.677	0.206	3.517	0.284	0.852
170	0.134	24.060	16.018	1.586	0.619	0.275	70.838	0.669	0.646	2755	1881	70.346	0.303	2.252	0.444	0.926
171	0.135	13.584	15.953	1.800	0.787	0.218	156.275	0.523	0.758	1527	1814	151.966	0.234	3.604	0.277	0.899
172	0.167	2.197	15.957	2.194	0.868	0.245	3.827	0.436	0.967	203	1838	4.122	0.278	3.545	0.282	0.905
173	4.528E-4	10.932	15.904	0.074	0.027	0.021	45.000	1.000	0.031	1257	1832	33.690	0.025	1.291	0.775	0.800
174	0.127	12.514	16.044	1.689	0.716	0.226	172.597	0.560	0.724	1401	1838	169.634	0.241	3.164	0.316	0.944
175	0.088	25.723	16.062	1.382	0.562	0.199	178.777	0.578	0.596	2925	1854	7.539	0.217	2.823	0.354	0.910
176	0.002	16.383	15.995	0.175	0.060	0.048	62.982	0.929	0.068	1883	1844	50.194	0.052	1.265	0.791	0.870
177	0.092	27.672	16.225	1.269	0.466	0.251	52.720	0.717	0.498	3174	1893	60.751	0.258	1.852	0.540	0.926
178	0.143	4.322	16.376	1.650	0.634	0.287	89.024	0.660	0.670	497	1846	93.715	0.321	2.205	0.454	0.929
179	0.143	15.026	16.420	1.973	0.832	0.220	121.321	0.463	0.863	1701	1850	122.250	0.254	3.788	0.264	0.900
180	0.099	5.386	16.358	1.586	0.697	0.180	112.426	0.493	0.677	602	1850	114.261	0.198	3.863	0.259	0.906
181	0.219	10.925	16.346	2.100	0.846	0.330	23.678	0.624	0.852	1209	1904	20.283	0.361	2.565	0.390	0.942
182	8.302E-4	9.539	16.151	0.098	0.035	0.030	18.435	1.000	0.039	1096	1858	153.435	0.035	1.139	0.878	0.815
183	0.104	9.883	16.236	1.494	0.627	0.212	5.857	0.588	0.622	1104	1877	15.396	0.226	2.953	0.339	0.930
184	0.130	18.750	16.336	1.433	0.488	0.338	23.442	0.793	0.529	2134	1896	25.301	0.351	1.443	0.693	0.937
185	0.213	6.810	16.369	2.311	0.938	0.290	168.282	0.502	0.963	728	1875	169.603	0.329	3.237	0.309	0.879
186	0.164	8.968	16.515	1.696	0.559	0.375	109.517	0.718	0.649	1020	1863	116.222	0.417	1.492	0.670	0.923
187	0.079	26.142	16.419	1.187	0.457	0.220	120.407	0.704	0.471	2994	1866	127.504	0.242	2.076	0.482	0.929
188	0.102	15.996	16.373	1.616	0.683	0.190	162.897	0.490	0.720	1800	1869	160.253	0.211	3.603	0.278	0.907
189	0.105	18.073	16.399	1.298	0.441	0.304	175.915	0.785	0.476	2057	1874	158.587	0.304	1.452	0.688	0.953
190	0.116	8.011	16.562	1.745	0.757	0.196	129.661	0.481	0.747	892	1872	125.538	0.209	3.865	0.259	0.886
191	0.212	19.647	16.466	2.159	0.810	0.334	11.052	0.573	0.858	2208	1909	15.866	0.391	2.427	0.412	0.892
192	0.155	21.681	16.650	2.149	0.929	0.213	75.505	0.423	0.923	2482	1973	71.906	0.235	4.368	0.229	0.872
193	0.122	22.121	16.555	1.381	0.508	0.307	90.699	0.806	0.516	2541	1875	96.766	0.304	1.655	0.604	0.959
194	0.115	24.819	16.424	1.511	0.591	0.247	10.551	0.631	0.610	2828	1906	17.403	0.259	2.397	0.417	0.931
195	0.077	27.168	16.478	1.100	0.385	0.256	46.713	0.804	0.405	3108	1913	35.395	0.258	1.504	0.665	0.945
196	0.075	22.779	16.443	1.067	0.369	0.260	5.790	0.832	0.385	2601	1892	6.483	0.261	1.419	0.705	0.954
197	0.093	20.329	16.527	1.238	0.458	0.259	177.283	0.763	0.493	2314	1896	165.719	0.261	1.768	0.566	0.937
198	0.073	21.044	16.527	1.111	0.395	0.235	167.766	0.742	0.451	2397	1897	164.358	0.243	1.683	0.594	0.937
199	0.133	17.524	16.679	1.594	0.569	0.297	56.572	0.658	0.622	2003	1949	56.976	0.344	1.914	0.522	0.913
200	0.161	2.748	16.569	1.886	0.752	0.272	177.457	0.567	0.727	277	1901	172.451	0.286	2.763	0.362	0.910
201	0.098	11.755	16.605	1.586	0.687	0.182	28.710	0.489	0.693	1318	1934	30.101	0.205	3.779	0.265	0.905
202	0.003	8.640	16.513	0.182	0.065	0.055	136.742	1.000	0.070	993	1897	119.745	0.061	1.172	0.853	0.892
203	0.077	12.360	16.695	1.073	0.355	0.276	88.199	0.841	0.382	1419	1943	78.179	0.290	1.286	0.778	0.947
204	0.098	23.703	16.734	1.446	0.558	0.224	27.107	0.589	0.564	2698	1940	24.590	0.257	2.494	0.401	0.865
205	0.090	16.570	16.845	1.367	0.529	0.215	67.866	0.602	0.547	1893	1969	72.429	0.233	2.457	0.407	0.912
206	0.074	25.457	16.743	1.120	0.442	0.213	11.954	0.741	0.445	2905	1935	17.021	0.221	2.072	0.483	0.950
207	0.116	4.876	16.807	1.354	0.428	0.345	173.406	0.794	0.448	535	1925	144.462	0.341	1.242	0.805	0.937
208	0.275	13.342	16.912	2.366	0.924	0.379	178.435	0.617	0.939	1485	1940	172.020	0.408	2.441	0.410	0.919
209	0.154	3.623	16.973	1.913	0.807	0.243	155.985	0.529	0.805	374	1935	156.477	0.280	3.318	0.301	0.895
210	0.092	9.801	16.926	1.328	0.496	0.236	1.563	0.655	0.498	1103	1959	16.220	0.246	2.102	0.476	0.919
211	0.149	19.322	17.101	1.885	0.812	0.234	139.023	0.527	0.808	2183	1939	143.746	0.254	3.474	0.288	0.909
212	0.079	14.100	17.022	1.306	0.524	0.192	27.520	0.580	0.545	1593	1976	33.944	0.211	2.736	0.366	0.909
213	0.100	18.050	17.217	1.571	0.676	0.188	70.035	0.508	0.672	2060	2016	64.759	0.201	3.596	0.278	0.883
214	0.122	21.042	17.095	1.442	0.478	0.324	163.148	0.734	0.523	2395	1954	158.552	0.364	1.478	0.677	0.926
215	0.093	24.627	17.049	1.374	0.532	0.223	176.046	0.620	0.548	2806	1964	176.367	0.235	2.393	0.418	0.910
216	0.112	1.833	17.229	1.478	0.543	0.263	105.217	0.644	0.560	198	1949	117.759	0.303	2.065	0.484	0.915
217	0.124	10.731	17.063	1.585	0.654	0.241	175.586	0.619	0.662	1197	1965	4.514	0.252	2.712	0.369	0.951
218	0.078	18.718	17.071	1.434	0.625	0.159	12.903	0.477	0.605	2119	1972	12.440	0.181	3.933	0.254	0.884
219	0.146	26.959	17.256	1.632	0.642	0.289	47.726	0.688	0.641	3084	2018	57.171	0.295	2.222	0.450	0.926
220	0.202	8.759	17.392	1.900	0.730	0.353	95.615	0.705	0.761	1000	1960	96.557	0.355	2.069	0.483	0.949
221	0.101	14.910	17.235	1.554	0.621	0.207	29.983	0.524	0.636	1693	2005	34.992	0.247	3.004	0.333	0.886
222	0.109	15.601	17.260	1.326	0.404	0.343	132.414	0.779	0.447	1791	1962	116.565	0.356	1.179	0.848	0.930
223	0.062	26.352	17.197	0.953	0.282	0.280	52.447	0.858	0.308	3024	1963	130.426	0.278	1.005	0.995	0.945
224	0.062	22.790	17.226	1.070	0.349	0.227	21.380	0.684	0.392	2602	1995	12.804	0.259	1.538	0.650	0.912
225	0.072	12.002	17.194	1.228	0.505	0.182	1.393	0.601	0.481	1352	1975	167.471	0.197	2.779	0.360	0.921
226	0.282	7.920	17.561	2.597	0.999	0.360	134.869	0.526	1.081	878	1973	134.349	0.387	2.775	0.360	0.883
227	0.094	4.263	17.281	1.267	0.468	0.257	17.828	0.739	0.486	465	2002	28.856	0.267	1.822	0.549	0.931
228	0.091	23.464	17.323	1.192	0.390	0.296	51.734	0.803	0.407	2679	2002	33.690	0.309	1.316	0.760	0.941
229	0.082	27.817	17.297	1.218	0.499	0.210	179.257	0.696	0.481	3176	1984	167.471	0.209	2.378	0.420	0.950
230	0.134	22.087	17.399	1.468	0.521	0.327	177.269	0.779	0.530	2511	2006	10.389	0.319	1.593	0.628	0.945
231	0.112	15.981	17.481	1.398	0.536	0.265	43.513	0.717	0.556	1824	2038	51.340	0.270	2.024	0.494	0.946
232	0.212	6.673	17.492	2.796	1.235	0.219	15.675	0.341	1.212	703	2039	20.123	0.268	5.643	0.177	0.806
233	0.158	5.457	17.416	1.814	0.736	0.273	1.109	0.602	0.732	585	2006	175.914	0.283	2.698	0.371	0.907
234	0.204	1.142	17.727	2.695	1.154	0.225	135.318	0.353	1.223	81	1993	133.561	0.270	5.128	0.195	0.875
235	0.133	25.901	17.506	1.601	0.626	0.271	152.719	0.654	0.596	2954	1993	143.297	0.284	2.310	0.433	0.908
236	0.127	3.236	17.637	1.453	0.529	0.306	95.420	0.756	0.530	365	2060	79.611	0.316	1.729	0.578	0.929
237	0.098	2.750	17.510	1.392	0.537	0.232	0.077	0.634	0.538	288	2022	10.222	0.259	2.316	0.432	0.897
238	0.127	16.983	17.551	1.583	0.611	0.266	3.637	0.639	0.598	1917	2020	170.811	0.295	2.298	0.435	0.927
239	0.090	13.712	17.547	1.178	0.426	0.270	179.487	0.819	0.440	1556	2030	14.859	0.278	1.576	0.634	0.963
240	0.136	18.734	17.596	1.574	0.596	0.290	22.097	0.688	0.613	2121	2029	12.265	0.302	2.054	0.487	0.933
241	0.352	10.518	17.792	2.514	0.933	0.480	35.501	0.700	1.006	1158	2077	36.573	0.514	1.943	0.515	0.955
242	0.058	25.296	17.596	1.067	0.439	0.169	39.816	0.642	0.443	2890	2040	34.624	0.186	2.598	0.385	0.893
243	0.143	9.546	17.747	1.730	0.727	0.250	48.098	0.598	0.707	1066	2066	43.506	0.260	2.908	0.344	0.905
244	0.112	12.545	17.662	1.483	0.582	0.245	33.857	0.639	0.601	1415	2054	37.367	0.261	2.379	0.420	0.920
245	0.113	21.200	17.737	1.516	0.629	0.228	170.192	0.616	0.628	2403	2033	165.579	0.238	2.756	0.363	0.943
246	0.073	11.651	17.732	1.212	0.500	0.185	171.492	0.622	0.514	1313	2031	164.320	0.192	2.700	0.370	0.934
247	0.055	20.397	17.746	1.030	0.369	0.191	175.405	0.655	0.406	2322	2045	170.134	0.196	1.930	0.518	0.917
248	0.119	19.554	17.846	1.488	0.472	0.321	41.854	0.675	0.511	2232	2080	48.447	0.332	1.471	0.680	0.928
249	0.129	7.203	17.923	1.624	0.592	0.277	133.615	0.613	0.591	814	2033	118.072	0.297	2.139	0.467	0.883
250	0.090	27.131	17.797	1.281	0.461	0.248	179.977	0.688	0.497	3097	2047	5.013	0.287	1.856	0.539	0.907
251	0.095	23.771	17.862	1.371	0.539	0.225	150.628	0.637	0.568	2708	2043	150.690	0.254	2.398	0.417	0.915
252	0.078	17.882	17.892	1.142	0.365	0.271	37.195	0.748	0.415	2042	2078	37.349	0.299	1.347	0.742	0.913
253	0.002	18.481	17.789	0.163	0.064	0.039	104.582	0.932	0.066	2126	2044	113.199	0.043	1.622	0.616	0.867
254	0.222	4.004	17.955	2.097	0.864	0.327	4.887	0.635	0.864	414	2081	9.841	0.339	2.642	0.378	0.940
255	0.002	14.240	17.846	0.170	0.058	0.051	176.869	1.000	0.066	1636	2052	156.801	0.052	1.140	0.877	0.873
256	0.070	16.990	17.977	1.091	0.390	0.230	47.606	0.743	0.406	1937	2086	43.264	0.257	1.699	0.589	0.905
257	0.094	14.870	18.005	1.301	0.475	0.253	165.192	0.700	0.510	1680	2065	166.201	0.280	1.882	0.531	0.918
258	0.090	5.803	18.055	1.162	0.372	0.307	25.349	0.833	0.399	645	2078	11.310	0.324	1.213	0.824	0.948
259	0.002	14.008	17.936	0.150	0.054	0.043	35.291	1.000	0.063	1609	2066	33.690	0.043	1.272	0.786	0.906
260	0.144	2.534	18.157	1.799	0.707	0.259	29.213	0.559	0.709	259	2114	36.027	0.281	2.726	0.367	0.886
261	0.157	4.981	18.161	1.802	0.740	0.270	149.605	0.607	0.766	533	2067	147.031	0.276	2.740	0.365	0.944
262	0.095	22.033	18.146	1.329	0.428	0.282	156.615	0.675	0.484	2521	2068	147.450	0.321	1.516	0.660	0.912
263	0.141	25.525	18.316	1.936	0.845	0.212	123.056	0.472	0.868	2911	2067	122.735	0.234	3.985	0.251	0.921
264	0.104	16.397	18.218	1.378	0.546	0.242	111.134	0.686	0.547	1874	2070	110.450	0.253	2.254	0.444	0.934
265	0.173	23.000	18.160	2.234	0.945	0.233	168.654	0.436	0.943	2587	2080	174.184	0.263	4.059	0.246	0.890
266	0.087	26.343	18.281	1.252	0.474	0.235	84.146	0.701	0.491	3026	2130	81.870	0.261	2.016	0.496	0.930
267	0.114	18.742	18.161	1.424	0.555	0.262	177.107	0.707	0.556	2128	2095	9.904	0.268	2.120	0.472	0.939
268	0.075	13.165	18.211	1.066	0.334	0.286	64.308	0.830	0.350	1512	2116	82.875	0.298	1.170	0.854	0.925
269	0.097	14.133	18.144	1.492	0.631	0.195	4.789	0.545	0.632	1593	2095	12.700	0.199	3.240	0.309	0.923
270	0.067	8.236	18.225	1.431	0.555	0.154	154.512	0.413	0.630	910	2078	152.021	0.190	3.597	0.278	0.827
271	0.087	27.501	18.237	1.159	0.377	0.294	65.547	0.814	0.389	3164	2078	100.305	0.310	1.285	0.778	0.943
272	6.038E-4	12.765	18.163	0.079	0.031	0.025	135.000	1.000	0.037	1468	2089	135.000	0.026	1.229	0.814	0.941
273	0.112	12.752	18.554	2.013	0.932	0.153	58.609	0.347	0.892	1439	2179	58.941	0.168	6.094	0.164	0.871
274	0.140	20.135	18.397	1.755	0.702	0.255	17.022	0.573	0.730	2279	2136	26.870	0.260	2.752	0.363	0.923
275	0.103	24.583	18.399	1.299	0.415	0.315	60.793	0.765	0.437	2822	2144	58.841	0.340	1.315	0.761	0.906
276	0.109	11.774	18.391	1.391	0.542	0.256	159.675	0.707	0.567	1323	2110	164.899	0.265	2.118	0.472	0.945
277	0.123	15.894	18.513	1.608	0.679	0.230	48.128	0.597	0.655	1803	2162	55.257	0.245	2.945	0.340	0.916
278	0.125	2.861	18.410	1.540	0.603	0.264	1.377	0.662	0.622	292	2116	172.776	0.261	2.285	0.438	0.936
279	0.201	6.244	18.553	1.824	0.665	0.385	36.096	0.758	0.704	682	2158	24.034	0.393	1.728	0.579	0.937
280	0.130	17.950	18.564	1.613	0.596	0.278	51.166	0.630	0.624	2041	2167	38.784	0.301	2.142	0.467	0.911
281	0.084	23.711	18.560	1.364	0.427	0.249	59.727	0.565	0.532	2722	2163	63.853	0.279	1.712	0.584	0.850
282	0.002	21.890	18.350	0.158	0.058	0.043	137.837	0.993	0.063	2518	2109	123.690	0.049	1.363	0.734	0.881
283	0.210	1.676	18.488	2.758	1.155	0.232	176.756	0.348	1.235	126	2125	177.580	0.253	4.982	0.201	0.891
284	0.079	16.918	18.550	1.309	0.424	0.238	118.665	0.580	0.501	1929	2112	115.677	0.287	1.783	0.561	0.838
285	0.059	19.169	18.503	0.955	0.282	0.268	26.213	0.819	0.310	2191	2118	162.072	0.278	1.053	0.950	0.930
286	1.509E-4	12.584	18.418	0.042	0.020	0.010	90.000	1.000	0.019	1448	2119	116.565	0.009	2.000	0.500	1.000
287	0.130	9.648	18.756	1.628	0.655	0.253	131.344	0.618	0.695	1085	2125	131.455	0.276	2.586	0.387	0.935
288	0.130	10.803	18.638	1.437	0.477	0.346	11.860	0.790	0.504	1217	2137	169.077	0.346	1.378	0.726	0.943
289	0.084	15.231	18.650	1.211	0.426	0.250	176.303	0.716	0.462	1727	2141	174.611	0.292	1.706	0.586	0.908
290	0.212	7.160	18.694	2.116	0.875	0.308	4.078	0.594	0.872	774	2155	5.143	0.325	2.841	0.352	0.928
291	0.132	8.713	18.743	1.589	0.594	0.284	144.229	0.659	0.611	969	2136	140.194	0.319	2.089	0.479	0.925
292	0.078	21.135	18.669	1.228	0.500	0.199	164.387	0.651	0.525	2404	2142	163.664	0.212	2.517	0.397	0.947
293	0.141	25.141	18.919	1.766	0.661	0.272	67.526	0.569	0.742	2871	2211	62.835	0.304	2.436	0.411	0.908
294	0.111	13.297	18.813	1.578	0.632	0.223	49.416	0.558	0.658	1503	2197	46.606	0.263	2.837	0.353	0.909
295	0.098	22.530	18.727	1.520	0.608	0.206	156.248	0.535	0.665	2562	2140	151.091	0.241	2.952	0.339	0.874
296	0.336	3.996	19.217	3.488	1.320	0.324	116.582	0.347	1.396	422	2139	110.014	0.423	4.073	0.246	0.688
297	0.003	22.954	18.617	0.187	0.069	0.053	10.358	1.000	0.074	2638	2144	20.556	0.052	1.296	0.771	0.916
298	0.132	14.455	18.863	1.487	0.504	0.333	112.821	0.749	0.544	1663	2141	102.926	0.360	1.514	0.660	0.937
299	0.079	16.145	18.838	1.147	0.393	0.258	50.812	0.759	0.417	1840	2186	35.676	0.276	1.525	0.656	0.923
300	0.049	27.373	18.756	0.952	0.392	0.159	177.630	0.679	0.392	3129	2154	167.196	0.165	2.466	0.406	0.934
301	0.155	8.026	18.966	1.750	0.679	0.291	30.764	0.638	0.693	887	2204	37.875	0.309	2.332	0.429	0.922
302	0.126	1.727	18.953	1.545	0.543	0.294	159.881	0.661	0.602	169	2165	162.350	0.322	1.844	0.542	0.923
303	0.251	11.751	18.958	2.203	0.888	0.361	1.774	0.651	0.889	1302	2180	175.515	0.363	2.462	0.406	0.953
304	0.092	17.310	19.004	1.229	0.455	0.256	112.417	0.762	0.453	1992	2162	102.171	0.266	1.774	0.564	0.947
305	0.174	4.785	18.969	1.866	0.644	0.345	165.961	0.629	0.764	504	2167	162.801	0.374	1.867	0.536	0.916
306	0.016	23.575	18.898	0.551	0.236	0.088	9.866	0.677	0.234	2701	2178	15.068	0.094	2.673	0.374	0.925
307	0.089	26.502	19.043	1.239	0.457	0.247	105.516	0.726	0.475	3034	2172	120.784	0.278	1.852	0.540	0.934
308	0.209	19.138	19.078	2.026	0.736	0.362	12.562	0.640	0.762	2157	2209	24.228	0.371	2.033	0.492	0.927
309	0.103	16.511	19.341	1.524	0.647	0.203	71.881	0.558	0.648	1889	2262	72.051	0.210	3.189	0.314	0.932
310	0.172	20.150	19.446	1.880	0.771	0.284	54.933	0.611	0.777	2298	2276	62.003	0.300	2.716	0.368	0.938
311	0.002	22.775	19.141	0.145	0.057	0.036	53.047	0.943	0.063	2619	2206	56.310	0.043	1.594	0.627	0.857
312	0.134	17.751	19.328	1.586	0.611	0.279	16.077	0.669	0.600	2009	2230	10.008	0.297	2.192	0.456	0.926
313	0.152	15.068	19.309	1.647	0.652	0.297	3.675	0.704	0.644	1699	2229	10.098	0.301	2.197	0.455	0.944
314	0.120	9.304	19.333	1.462	0.554	0.275	162.744	0.704	0.561	1038	2214	171.995	0.280	2.013	0.497	0.938
315	0.254	3.384	19.596	2.169	0.815	0.397	110.007	0.678	0.852	372	2209	108.435	0.432	2.054	0.487	0.926
316	0.097	27.375	19.335	1.490	0.632	0.196	163.413	0.550	0.635	3120	2213	160.821	0.227	3.229	0.310	0.902
317	0.087	5.226	19.404	1.146	0.380	0.290	69.978	0.830	0.405	593	2254	67.286	0.310	1.309	0.764	0.946
318	0.102	24.605	19.378	1.272	0.468	0.278	166.414	0.791	0.463	2809	2219	156.801	0.284	1.685	0.594	0.953
319	0.239	5.598	19.598	2.133	0.780	0.390	78.643	0.660	0.772	634	2216	97.765	0.405	2.001	0.500	0.922
320	0.114	22.421	19.483	1.367	0.496	0.294	120.806	0.769	0.505	2558	2224	130.815	0.311	1.688	0.592	0.942
321	0.107	12.983	19.455	1.272	0.429	0.317	171.209	0.830	0.451	1468	2238	164.358	0.310	1.352	0.740	0.951
322	0.093	23.296	19.517	1.203	0.426	0.278	87.813	0.809	0.432	2667	2266	59.826	0.269	1.530	0.654	0.964
323	0.130	10.781	19.562	1.431	0.481	0.344	101.516	0.798	0.500	1236	2224	107.176	0.356	1.399	0.715	0.947
324	0.213	21.460	19.472	2.355	0.992	0.274	176.301	0.483	1.020	2406	2239	175.115	0.300	3.626	0.276	0.931
325	0.296	12.250	19.717	2.408	0.912	0.413	143.689	0.640	0.960	1372	2230	132.064	0.424	2.209	0.453	0.930
326	0.099	18.601	19.596	1.208	0.392	0.320	88.238	0.849	0.419	2137	2281	84.053	0.342	1.226	0.816	0.955
327	0.132	1.770	19.771	1.843	0.759	0.222	104.794	0.489	0.771	197	2234	104.349	0.247	3.418	0.293	0.895
328	0.159	7.090	19.562	1.734	0.659	0.307	178.451	0.664	0.629	783	2239	159.814	0.319	2.143	0.467	0.913
329	0.104	15.675	19.638	1.331	0.420	0.316	97.819	0.741	0.476	1792	2234	99.462	0.339	1.327	0.753	0.913
330	0.080	25.967	19.615	1.178	0.401	0.255	120.373	0.728	0.438	2975	2234	129.369	0.264	1.570	0.637	0.922
331	0.104	6.552	19.734	1.442	0.597	0.222	82.963	0.628	0.591	751	2307	79.846	0.239	2.691	0.372	0.933
332	0.120	13.648	19.719	1.541	0.605	0.253	31.578	0.636	0.607	1542	2291	29.134	0.274	2.389	0.419	0.932
333	0.102	8.368	19.708	1.328	0.484	0.269	45.283	0.730	0.513	949	2295	51.189	0.292	1.800	0.556	0.920
334	0.115	17.284	19.842	1.391	0.494	0.296	70.850	0.746	0.502	1970	2303	52.734	0.321	1.667	0.600	0.935
335	0.133	22.676	19.864	1.830	0.771	0.219	32.828	0.499	0.800	2568	2309	32.137	0.236	3.514	0.285	0.916
336	0.182	1.040	19.792	1.909	0.786	0.294	7.535	0.626	0.793	76	2292	9.462	0.302	2.669	0.375	0.949
337	0.157	6.095	19.979	1.743	0.715	0.279	117.893	0.649	0.736	679	2261	120.500	0.299	2.558	0.391	0.951
338	0.185	23.987	19.869	1.803	0.667	0.353	160.369	0.716	0.697	2729	2270	157.270	0.378	1.888	0.530	0.945
339	0.067	17.730	19.833	1.000	0.308	0.276	99.866	0.841	0.333	2032	2301	70.145	0.284	1.114	0.898	0.950
340	0.116	16.580	19.983	1.608	0.641	0.230	76.762	0.564	0.671	1901	2341	79.563	0.264	2.785	0.359	0.897
341	0.093	24.643	19.872	1.286	0.465	0.256	148.945	0.709	0.485	2811	2281	165.466	0.258	1.817	0.550	0.920
342	0.070	27.207	19.795	1.337	0.539	0.165	169.514	0.490	0.578	3099	2270	167.845	0.193	3.276	0.305	0.893
343	0.198	2.210	20.059	1.978	0.712	0.355	44.196	0.637	0.758	214	2337	49.185	0.376	2.008	0.498	0.917
344	0.133	7.862	20.019	1.592	0.581	0.292	103.286	0.660	0.573	901	2338	80.395	0.291	1.992	0.502	0.917
345	0.160	10.126	20.114	1.975	0.822	0.248	115.123	0.515	0.847	1139	2273	118.142	0.263	3.315	0.302	0.924
346	0.213	19.463	19.913	2.139	0.850	0.319	171.093	0.585	0.896	2184	2287	168.254	0.356	2.663	0.376	0.927
347	0.090	11.450	19.963	1.317	0.539	0.213	161.362	0.654	0.533	1289	2285	155.943	0.223	2.526	0.396	0.943
348	0.097	15.063	20.098	1.430	0.590	0.209	129.665	0.595	0.609	1709	2292	132.109	0.224	2.828	0.354	0.916
349	0.080	25.018	20.127	1.120	0.391	0.259	179.780	0.797	0.424	2858	2321	10.620	0.275	1.511	0.662	0.930
350	0.180	9.661	20.329	1.841	0.613	0.375	114.534	0.669	0.647	1096	2304	104.783	0.389	1.636	0.611	0.920
351	0.163	12.954	20.357	1.929	0.751	0.277	139.241	0.551	0.813	1459	2319	143.253	0.294	2.715	0.368	0.918
352	0.135	14.225	20.245	1.600	0.609	0.281	15.557	0.661	0.651	1602	2344	13.109	0.312	2.166	0.462	0.919
353	0.096	25.718	20.428	1.345	0.541	0.225	96.670	0.664	0.532	2959	2321	94.686	0.231	2.404	0.416	0.937
354	0.090	17.846	20.431	1.299	0.524	0.219	123.901	0.672	0.518	2035	2331	129.560	0.233	2.394	0.418	0.935
355	0.165	27.024	20.400	2.045	0.846	0.249	19.604	0.497	0.857	3062	2369	19.537	0.264	3.404	0.294	0.919
356	0.257	21.679	20.477	1.968	0.663	0.493	29.463	0.832	0.689	2462	2375	29.476	0.509	1.346	0.743	0.963
357	0.107	17.337	20.488	1.401	0.510	0.267	55.747	0.686	0.518	1974	2380	39.560	0.274	1.908	0.524	0.903
358	0.255	11.470	20.497	2.342	0.999	0.325	169.459	0.584	0.936	1270	2344	164.932	0.353	3.075	0.325	0.906
359	0.168	22.717	20.460	1.717	0.633	0.337	4.240	0.715	0.630	2577	2356	15.186	0.333	1.878	0.533	0.937
360	0.162	19.876	20.619	1.761	0.693	0.297	63.760	0.657	0.716	2270	2408	60.945	0.307	2.331	0.429	0.932
361	0.233	3.809	20.701	2.132	0.835	0.355	127.917	0.643	0.857	409	2340	120.466	0.382	2.353	0.425	0.923
362	0.170	9.121	20.532	1.751	0.655	0.330	179.033	0.696	0.638	1018	2350	160.084	0.356	1.985	0.504	0.926
363	0.109	7.059	20.562	1.339	0.494	0.282	38.983	0.767	0.514	791	2385	30.466	0.299	1.750	0.571	0.936
364	0.119	7.786	20.672	1.482	0.557	0.273	97.241	0.683	0.569	895	2346	102.339	0.290	2.043	0.490	0.916
365	0.087	16.475	20.564	1.138	0.389	0.286	135.721	0.849	0.406	1881	2350	131.532	0.295	1.357	0.737	0.950
366	0.124	4.456	20.663	1.681	0.697	0.226	135.225	0.550	0.723	481	2353	141.340	0.258	3.086	0.324	0.902
367	0.166	6.165	20.672	1.722	0.531	0.399	101.730	0.704	0.572	680	2365	133.152	0.446	1.331	0.751	0.917
368	0.148	23.413	20.687	1.663	0.666	0.283	57.627	0.672	0.657	2672	2411	52.524	0.292	2.354	0.425	0.923
369	0.176	1.092	20.747	2.345	1.002	0.224	32.987	0.403	1.046	70	2421	32.106	0.248	4.470	0.224	0.898
370	0.084	24.460	20.593	1.255	0.428	0.251	20.612	0.674	0.441	2799	2387	36.193	0.283	1.705	0.587	0.892
371	0.100	13.803	20.690	1.375	0.517	0.245	123.407	0.662	0.551	1568	2356	127.954	0.256	2.110	0.474	0.931
372	0.100	8.396	20.629	1.332	0.526	0.241	0.504	0.706	0.533	934	2370	173.454	0.252	2.182	0.458	0.941
373	0.124	25.302	20.708	1.669	0.566	0.279	156.418	0.560	0.637	2871	2366	162.553	0.344	2.024	0.494	0.856
374	0.108	18.946	20.861	1.496	0.588	0.234	114.700	0.607	0.608	2165	2366	111.801	0.259	2.511	0.398	0.925
375	0.130	5.250	20.757	1.874	0.803	0.206	12.775	0.466	0.830	560	2403	13.309	0.238	3.888	0.257	0.905
376	0.121	15.197	20.845	1.490	0.567	0.271	142.578	0.682	0.587	1722	2382	141.605	0.278	2.096	0.477	0.930
377	0.085	18.468	20.981	1.238	0.453	0.238	130.831	0.693	0.478	2101	2404	143.130	0.257	1.906	0.525	0.906
378	0.354	12.793	21.104	2.513	0.854	0.528	178.865	0.705	0.901	1432	2407	162.613	0.556	1.618	0.618	0.933
379	0.100	8.490	21.078	1.588	0.663	0.192	36.623	0.498	0.693	949	2448	37.875	0.224	3.455	0.289	0.902
380	0.190	20.851	21.064	1.853	0.690	0.350	13.462	0.695	0.697	2363	2441	13.690	0.363	1.971	0.507	0.934
381	0.105	15.935	21.069	1.657	0.690	0.194	36.237	0.481	0.732	1797	2450	33.879	0.235	3.557	0.281	0.897
382	0.112	10.400	21.070	1.461	0.555	0.256	154.476	0.657	0.587	1168	2417	156.468	0.292	2.166	0.462	0.926
383	0.336	11.402	21.269	2.320	0.706	0.606	134.912	0.784	0.798	1284	2413	125.248	0.595	1.165	0.858	0.953
384	0.141	3.426	21.168	1.819	0.799	0.225	152.161	0.536	0.776	357	2413	148.266	0.237	3.554	0.281	0.929
385	0.050	27.112	21.208	1.109	0.466	0.136	45.619	0.510	0.492	3103	2461	43.568	0.158	3.419	0.292	0.883
386	0.130	19.213	21.279	1.639	0.577	0.288	11.855	0.610	0.647	2175	2453	14.783	0.302	2.004	0.499	0.896
387	0.232	1.807	21.456	1.925	0.598	0.495	112.104	0.788	0.660	193	2433	102.938	0.529	1.207	0.828	0.946
388	0.124	16.591	21.317	1.558	0.562	0.281	0.861	0.643	0.589	1878	2442	171.511	0.287	1.999	0.500	0.925
389	0.185	21.893	21.314	2.649	1.152	0.205	9.801	0.332	1.170	2458	2457	5.964	0.241	5.627	0.178	0.851
390	0.172	6.523	21.398	1.824	0.749	0.293	17.638	0.651	0.747	707	2474	19.699	0.313	2.559	0.391	0.949
391	0.164	9.329	21.559	1.907	0.771	0.271	141.846	0.567	0.831	1037	2452	142.651	0.297	2.848	0.351	0.914
392	0.101	14.532	21.498	1.654	0.729	0.177	144.758	0.465	0.735	1637	2455	147.061	0.193	4.123	0.243	0.892
393	0.242	23.792	21.518	2.194	0.884	0.348	10.248	0.631	0.860	2693	2492	16.422	0.348	2.537	0.394	0.939
394	0.088	4.620	21.568	1.341	0.504	0.223	98.380	0.618	0.516	532	2456	96.766	0.256	2.255	0.443	0.911
395	0.085	8.818	21.596	1.210	0.415	0.260	108.623	0.727	0.423	1007	2507	80.538	0.270	1.593	0.628	0.928
396	0.080	17.849	21.538	1.127	0.375	0.270	178.950	0.788	0.400	2032	2490	12.529	0.269	1.390	0.719	0.943
397	0.264	0.780	21.750	2.106	0.765	0.439	46.885	0.747	0.787	62	2545	59.470	0.448	1.742	0.574	0.952
398	0.115	25.759	21.594	1.580	0.646	0.226	13.508	0.577	0.613	2928	2491	18.178	0.240	2.864	0.349	0.908
399	0.323	10.357	21.669	2.552	0.997	0.412	10.381	0.622	1.019	1134	2493	3.912	0.440	2.419	0.413	0.934
400	0.241	12.673	21.766	2.399	1.009	0.304	146.209	0.525	1.031	1411	2474	150.195	0.324	3.322	0.301	0.909
401	0.084	13.610	21.693	1.139	0.382	0.281	115.367	0.817	0.419	1552	2478	124.019	0.304	1.357	0.737	0.949
402	0.237	3.337	21.798	2.169	0.858	0.352	23.255	0.634	0.870	341	2534	27.332	0.363	2.435	0.411	0.926
403	0.302	7.031	21.871	2.244	0.750	0.512	9.266	0.753	0.766	776	2543	29.181	0.533	1.464	0.683	0.931
404	0.115	22.663	21.884	1.397	0.506	0.289	131.178	0.740	0.532	2591	2491	128.367	0.312	1.749	0.572	0.928
405	0.142	27.322	21.848	1.630	0.630	0.286	16.982	0.669	0.641	3106	2526	24.829	0.305	2.202	0.454	0.935
406	0.248	15.889	21.979	2.138	0.797	0.396	41.438	0.681	0.814	1791	2551	33.690	0.428	2.012	0.497	0.925
407	0.292	25.994	22.160	2.625	1.028	0.362	49.190	0.533	1.082	2970	2600	57.458	0.432	2.844	0.352	0.891
408	0.219	5.185	21.917	1.942	0.747	0.373	16.612	0.728	0.713	560	2537	22.190	0.366	2.003	0.499	0.944
409	0.109	16.629	21.875	1.487	0.562	0.246	172.942	0.617	0.605	1884	2509	167.560	0.287	2.286	0.437	0.904
410	0.325	20.496	21.982	2.637	1.083	0.382	172.173	0.588	1.075	2293	2525	167.873	0.385	2.831	0.353	0.941
411	0.109	1.588	22.003	1.499	0.547	0.253	41.493	0.608	0.608	156	2559	43.264	0.293	2.160	0.463	0.894
412	0.339	14.823	22.341	3.447	0.828	0.521	69.804	0.358	1.002	1657	2589	42.541	0.660	1.589	0.629	0.724
413	0.151	8.394	22.136	1.681	0.673	0.285	127.097	0.670	0.708	942	2516	131.517	0.301	2.360	0.424	0.950
414	0.107	24.708	21.987	1.533	0.633	0.216	5.984	0.573	0.661	2810	2541	9.834	0.235	2.931	0.341	0.946
415	0.154	2.555	22.176	1.928	0.647	0.302	49.517	0.519	0.747	260	2592	56.864	0.358	2.144	0.466	0.834
416	0.222	17.427	22.193	1.927	0.700	0.405	30.826	0.753	0.739	1969	2574	29.578	0.429	1.729	0.578	0.939
417	0.264	6.285	22.226	2.267	0.856	0.393	150.974	0.647	0.895	677	2529	140.906	0.396	2.175	0.460	0.948
418	0.265	9.470	22.277	2.311	0.935	0.360	147.343	0.622	0.925	1041	2548	155.601	0.373	2.596	0.385	0.936
419	0.172	19.189	22.505	2.166	0.899	0.243	57.495	0.460	0.947	2180	2637	54.707	0.257	3.700	0.270	0.907
420	0.094	10.736	22.441	1.284	0.454	0.263	87.938	0.715	0.501	1227	2611	81.027	0.278	1.726	0.579	0.933
421	0.101	27.279	22.616	1.879	0.826	0.156	47.892	0.360	0.862	3109	2640	49.086	0.187	5.308	0.188	0.854
422	0.115	7.311	22.503	1.556	0.648	0.226	21.438	0.598	0.645	810	2607	25.530	0.240	2.861	0.350	0.932
423	0.093	13.532	22.577	1.413	0.445	0.267	69.783	0.588	0.470	1551	2629	56.310	0.313	1.663	0.601	0.894
424	0.130	23.940	22.566	1.649	0.662	0.251	23.031	0.603	0.669	2721	2618	24.567	0.270	2.640	0.379	0.896
425	0.194	1.205	22.543	2.381	1.069	0.232	3.735	0.431	1.043	73	2603	7.658	0.244	4.617	0.217	0.909
426	0.119	24.951	22.587	1.541	0.616	0.246	11.212	0.631	0.599	2836	2611	19.486	0.259	2.502	0.400	0.936
427	0.273	3.641	22.659	2.647	0.999	0.348	8.060	0.489	1.044	358	2620	8.130	0.373	2.871	0.348	0.897
428	0.199	21.429	22.725	2.165	0.846	0.300	33.569	0.535	0.927	2425	2646	30.411	0.315	2.816	0.355	0.922
429	0.289	5.627	22.921	2.510	0.972	0.378	128.273	0.576	0.993	604	2602	140.323	0.395	2.569	0.389	0.914
430	0.002	7.529	22.600	0.180	0.064	0.047	70.739	0.907	0.070	865	2605	60.255	0.052	1.362	0.734	0.873
431	0.088	4.616	22.712	1.341	0.513	0.219	170.885	0.616	0.571	498	2608	166.809	0.243	2.343	0.427	0.913
432	0.132	11.865	22.759	1.814	0.743	0.226	159.870	0.503	0.760	1320	2604	157.834	0.283	3.293	0.304	0.872
433	0.282	16.240	22.829	2.402	0.884	0.406	5.490	0.614	0.903	1819	2648	7.740	0.406	2.174	0.460	0.929
434	0.113	18.136	22.864	1.420	0.527	0.274	42.506	0.706	0.550	2070	2657	50.774	0.283	1.924	0.520	0.922
435	0.087	22.430	22.814	1.491	0.609	0.182	3.700	0.491	0.645	2546	2624	175.365	0.193	3.356	0.298	0.897
436	0.167	9.111	22.934	1.635	0.609	0.350	179.641	0.787	0.592	1016	2631	165.556	0.345	1.738	0.575	0.958
437	0.274	20.295	23.083	2.250	0.787	0.443	27.845	0.680	0.783	2291	2663	8.940	0.432	1.776	0.563	0.922
438	0.093	25.838	23.186	1.401	0.599	0.197	92.200	0.593	0.602	2972	2635	94.970	0.209	3.040	0.329	0.930
439	0.251	24.289	23.279	2.506	1.051	0.304	35.283	0.502	1.038	2749	2719	38.884	0.337	3.455	0.289	0.847
440	0.150	7.713	23.120	1.723	0.654	0.292	2.088	0.634	0.676	848	2673	8.130	0.278	2.245	0.446	0.925
441	0.173	6.764	23.298	1.738	0.589	0.373	120.786	0.718	0.632	774	2648	102.700	0.372	1.579	0.633	0.912
442	0.241	13.078	23.274	2.032	0.761	0.404	157.732	0.734	0.745	1463	2670	168.559	0.409	1.883	0.531	0.942
443	0.160	14.761	23.428	1.801	0.718	0.284	49.049	0.621	0.720	1683	2731	56.310	0.309	2.527	0.396	0.929
444	0.157	23.169	23.475	1.676	0.623	0.321	122.461	0.703	0.640	2640	2679	131.698	0.334	1.940	0.515	0.947
445	0.175	2.624	23.369	2.585	1.058	0.210	8.980	0.329	1.181	231	2703	9.739	0.260	5.032	0.199	0.899
446	0.308	18.490	23.676	2.537	1.010	0.388	49.430	0.601	1.031	2093	2767	50.812	0.410	2.603	0.384	0.926
447	0.268	11.135	23.491	2.618	0.924	0.370	10.345	0.492	1.051	1220	2706	10.474	0.396	2.500	0.400	0.873
448	0.265	1.125	23.577	2.209	0.771	0.438	0.370	0.682	0.805	87	2735	20.194	0.466	1.762	0.568	0.923
449	0.084	22.147	23.607	1.385	0.603	0.177	144.315	0.549	0.581	2520	2697	145.359	0.199	3.398	0.294	0.870
450	0.171	8.765	23.680	2.528	1.029	0.212	157.724	0.336	1.088	966	2698	152.412	0.244	4.858	0.206	0.878
451	0.134	17.039	23.561	1.731	0.733	0.233	170.856	0.562	0.738	1921	2703	167.764	0.251	3.153	0.317	0.936
452	0.238	4.119	23.709	2.399	0.953	0.318	21.031	0.519	0.998	425	2749	16.699	0.367	2.998	0.334	0.871
453	0.097	19.607	23.794	1.501	0.604	0.205	23.022	0.542	0.592	2223	2751	22.426	0.237	2.943	0.340	0.852
454	0.068	27.437	23.792	0.990	0.301	0.289	106.436	0.874	0.323	3144	2753	30.700	0.295	1.043	0.959	0.955
455	0.119	11.822	23.980	1.747	0.632	0.241	136.454	0.492	0.727	1330	2728	139.844	0.298	2.628	0.380	0.833
456	0.231	20.973	24.186	2.310	0.899	0.327	54.136	0.543	0.949	2381	2817	49.456	0.361	2.752	0.363	0.920
457	0.099	26.253	23.951	1.327	0.478	0.263	34.157	0.705	0.517	2997	2776	42.274	0.287	1.819	0.550	0.924
458	0.121	15.577	24.076	1.604	0.650	0.236	74.733	0.590	0.643	1777	2808	76.715	0.237	2.751	0.364	0.931
459	0.197	13.467	24.254	2.061	0.690	0.363	47.761	0.582	0.768	1515	2815	42.709	0.447	1.900	0.526	0.851
460	0.088	25.206	24.050	1.453	0.601	0.186	29.800	0.522	0.633	2868	2782	25.159	0.215	3.240	0.309	0.886
461	0.088	7.409	24.140	1.363	0.551	0.203	22.951	0.595	0.563	819	2790	17.038	0.229	2.711	0.369	0.913
462	0.232	23.798	24.332	2.416	0.992	0.298	27.374	0.500	1.012	2693	2839	34.509	0.346	3.328	0.300	0.853
463	0.185	16.781	24.364	2.084	0.829	0.285	24.427	0.537	0.854	1879	2822	18.988	0.326	2.911	0.344	0.893
464	0.231	6.005	24.329	2.217	0.926	0.317	5.360	0.589	0.924	638	2806	4.316	0.334	2.921	0.342	0.939
465	0.167	9.983	24.314	2.042	0.752	0.283	10.329	0.503	0.808	1116	2818	20.772	0.349	2.660	0.376	0.871
466	0.134	22.255	24.474	1.621	0.668	0.256	0.775	0.642	0.673	2523	2821	5.932	0.261	2.612	0.383	0.936
467	6.793E-4	23.782	24.495	0.084	0.029	0.029	0.000	1.000	0.037	2736	2818	135.000	0.026	1.000	1.000	1.000
468	0.131	18.050	24.895	1.855	0.790	0.211	55.068	0.478	0.821	2047	2902	50.583	0.229	3.748	0.267	0.917
469	0.192	19.255	24.837	1.805	0.574	0.426	33.699	0.741	0.634	2187	2876	23.405	0.460	1.345	0.743	0.913
470	0.093	15.649	24.893	1.327	0.535	0.221	34.264	0.662	0.524	1778	2886	40.292	0.224	2.426	0.412	0.929
