 	Area	X	Y	Perim.	Major	Minor	Angle	Circ.	Feret	FeretX	FeretY	FeretAngle	MinFeret	AR	Round	Solidity
1	0.001	18.498	0.542	0.106	0.039	0.034	45.000	1.000	0.045	2074	62	36.870	0.036	1.159	0.863	0.897
2	0.001	10.033	0.852	0.111	0.039	0.034	166.224	1.000	0.045	1124	94	126.870	0.036	1.148	0.871	0.897
3	0.001	12.050	0.972	0.119	0.041	0.037	165.964	1.000	0.048	1350	108	158.199	0.036	1.127	0.887	0.857
4	2.447	16.464	2.121	7.662	2.978	1.046	147.439	0.524	3.038	1702	132	144.912	1.288	2.847	0.351	0.877
5	2.665	2.810	1.661	7.313	2.791	1.216	178.137	0.626	2.815	155	189	4.357	1.285	2.295	0.436	0.936
6	1.325	24.310	1.961	4.993	1.606	1.051	56.535	0.668	1.773	2643	283	50.711	1.087	1.529	0.654	0.928
7	2.395	9.802	1.780	7.505	2.471	1.234	0.747	0.534	2.649	951	226	5.404	1.334	2.002	0.499	0.948
8	1.923	6.234	1.877	6.318	2.441	1.003	170.796	0.606	2.486	561	187	171.550	1.063	2.433	0.411	0.948
9	1.134	26.524	2.020	4.785	1.708	0.845	134.681	0.622	1.766	2908	144	142.379	0.878	2.021	0.495	0.940
10	1.184	18.937	2.090	4.446	1.348	1.118	113.918	0.753	1.501	2124	146	111.233	1.151	1.205	0.830	0.953
11	1.585	13.193	2.048	5.763	1.934	1.044	14.692	0.600	2.068	1363	265	19.372	1.082	1.853	0.540	0.908
12	1.803	21.745	2.038	5.892	2.134	1.076	178.176	0.653	2.287	2300	225	175.755	1.131	1.983	0.504	0.953
13	7.939E-5	6.865	2.383	0.025	0.010	0.010	0.000	1.000	0.013	770	267	135.000	0.009	1.000	1.000	1.000
14	0.008	6.865	2.443	0.467	0.215	0.047	177.772	0.458	0.216	758	272	172.875	0.053	4.584	0.218	0.847
15	5.557E-4	2.615	3.005	0.081	0.028	0.026	0.000	1.000	0.032	292	336	123.690	0.027	1.069	0.936	0.875
16	0.702	26.946	3.995	3.404	1.214	0.736	138.917	0.761	1.255	2987	389	126.626	0.749	1.650	0.606	0.960
17	0.856	16.385	4.361	4.468	1.354	0.805	114.315	0.539	1.508	1843	403	104.365	0.874	1.683	0.594	0.921
18	0.500	23.577	4.006	3.468	1.224	0.520	159.421	0.522	1.352	2580	441	161.565	0.616	2.355	0.425	0.878
19	0.657	19.961	4.183	3.276	1.016	0.823	86.842	0.769	1.102	2232	405	99.310	0.857	1.234	0.810	0.944
20	0.705	14.198	4.096	3.599	1.285	0.698	148.976	0.683	1.354	1520	413	147.355	0.769	1.839	0.544	0.945
21	0.391	25.322	4.002	2.544	0.900	0.553	148.194	0.759	0.939	2791	439	160.017	0.570	1.627	0.615	0.950
22	0.792	4.194	4.237	4.030	1.550	0.651	154.512	0.613	1.572	402	428	145.860	0.695	2.383	0.420	0.920
23	0.611	10.396	4.188	3.590	1.430	0.544	25.211	0.596	1.456	1095	507	28.918	0.571	2.629	0.380	0.944
24	0.734	18.318	4.304	3.540	1.287	0.726	132.140	0.736	1.344	2005	430	131.507	0.781	1.773	0.564	0.957
25	0.595	21.830	4.127	3.596	1.365	0.555	158.354	0.578	1.427	2375	429	159.528	0.616	2.458	0.407	0.941
26	0.739	8.120	4.220	3.519	1.184	0.795	10.094	0.750	1.235	848	451	171.285	0.830	1.490	0.671	0.954
27	0.726	2.206	4.313	3.762	1.253	0.737	172.202	0.644	1.305	178	497	175.691	0.781	1.700	0.588	0.911
28	0.422	12.184	4.174	2.720	0.989	0.544	8.134	0.717	1.019	1310	472	4.514	0.553	1.818	0.550	0.937
29	0.339	6.189	4.378	2.500	0.921	0.469	140.854	0.682	0.926	658	460	136.169	0.504	1.966	0.509	0.915
30	0.014	3.996	4.510	0.603	0.268	0.069	165.966	0.499	0.277	434	502	165.069	0.078	3.913	0.256	0.899
31	0.320	26.416	5.276	2.457	0.866	0.470	134.651	0.666	0.918	2933	551	129.094	0.497	1.841	0.543	0.922
32	0.579	23.368	5.608	3.820	1.602	0.460	131.225	0.499	1.608	2566	570	132.979	0.539	3.480	0.287	0.896
33	0.587	21.768	5.772	3.254	1.134	0.659	102.061	0.697	1.220	2423	581	101.802	0.696	1.722	0.581	0.922
34	0.336	14.707	5.488	2.481	0.870	0.492	159.753	0.686	0.920	1612	587	144.462	0.512	1.768	0.566	0.935
35	0.287	24.789	5.569	2.393	0.955	0.383	137.259	0.631	0.952	2742	595	141.843	0.390	2.493	0.401	0.930
36	0.486	3.844	5.796	3.016	1.090	0.568	90.133	0.672	1.132	427	588	97.237	0.588	1.919	0.521	0.922
37	0.371	11.278	5.603	2.491	0.890	0.531	17.573	0.751	0.977	1212	640	9.978	0.562	1.678	0.596	0.952
38	0.451	12.870	5.641	2.822	0.992	0.578	154.337	0.711	1.039	1400	600	141.263	0.605	1.716	0.583	0.939
39	0.448	18.119	5.736	2.767	0.940	0.607	174.199	0.735	0.973	1976	661	3.674	0.607	1.549	0.645	0.950
40	0.479	16.579	5.834	2.740	0.988	0.617	141.879	0.801	1.026	1817	615	140.641	0.652	1.602	0.624	0.970
41	0.434	2.113	5.859	2.694	0.943	0.586	11.991	0.751	0.952	185	666	6.992	0.595	1.608	0.622	0.951
42	0.603	6.882	5.914	3.245	1.136	0.676	160.882	0.719	1.191	705	646	164.820	0.732	1.680	0.595	0.939
43	0.421	19.958	5.920	2.871	1.000	0.536	3.263	0.642	1.146	2174	679	11.659	0.589	1.864	0.536	0.908
44	0.379	8.387	5.972	2.728	1.050	0.459	165.119	0.640	1.105	881	656	163.610	0.490	2.289	0.437	0.941
45	0.510	5.159	6.051	3.249	1.192	0.544	13.439	0.607	1.282	516	691	9.200	0.607	2.192	0.456	0.926
46	1.588E-4	14.777	5.765	0.043	0.020	0.010	90.000	1.000	0.020	1658	646	116.565	0.009	2.000	0.500	1.000
47	1.588E-4	14.724	5.774	0.043	0.020	0.010	90.000	1.000	0.020	1652	647	116.565	0.009	2.000	0.500	1.000
48	0.480	9.785	6.127	2.952	1.075	0.569	163.302	0.692	1.061	1043	670	158.824	0.587	1.891	0.529	0.939
49	0.004	3.790	6.332	0.275	0.120	0.041	141.063	0.633	0.124	419	707	149.744	0.050	2.948	0.339	0.800
50	5.557E-4	9.770	6.435	0.081	0.028	0.026	0.000	1.000	0.032	1095	721	123.690	0.027	1.069	0.936	0.875
51	2.382E-4	20.085	6.485	0.050	0.021	0.014	135.000	1.000	0.025	2253	727	135.000	0.018	1.464	0.683	0.857
52	0.269	26.326	6.843	2.203	0.829	0.413	137.826	0.696	0.867	2914	738	146.310	0.433	2.006	0.498	0.940
53	0.368	10.855	7.067	2.381	0.794	0.590	126.260	0.815	0.839	1185	758	131.987	0.613	1.344	0.744	0.956
54	0.458	15.378	7.178	2.974	1.162	0.502	133.490	0.651	1.174	1678	757	131.923	0.532	2.316	0.432	0.918
55	0.320	12.272	7.075	2.388	0.912	0.446	146.801	0.704	0.954	1333	763	150.322	0.466	2.043	0.490	0.950
56	3.176E-4	9.106	6.781	0.050	0.020	0.020	0.000	1.000	0.025	1021	760	135.000	0.018	1.000	1.000	1.000
57	0.234	16.687	7.166	2.077	0.747	0.399	42.702	0.683	0.786	1840	838	54.689	0.414	1.873	0.534	0.919
58	0.222	8.173	7.185	1.941	0.647	0.437	118.337	0.741	0.722	897	770	122.905	0.472	1.480	0.676	0.945
59	0.333	18.043	7.114	2.459	0.894	0.475	179.811	0.692	0.958	1973	801	5.339	0.497	1.883	0.531	0.932
60	0.187	24.818	7.102	1.727	0.556	0.429	171.446	0.789	0.594	2757	784	167.005	0.435	1.296	0.771	0.942
61	0.201	19.789	7.203	1.939	0.725	0.353	138.266	0.671	0.777	2189	781	139.185	0.396	2.054	0.487	0.928
62	0.262	9.329	7.208	2.168	0.724	0.460	168.486	0.700	0.759	1006	796	164.332	0.497	1.575	0.635	0.917
63	0.249	23.437	7.180	2.154	0.781	0.405	12.046	0.673	0.821	2590	821	12.529	0.453	1.928	0.519	0.932
64	0.229	13.832	7.242	2.122	0.800	0.365	155.297	0.640	0.837	1515	786	152.071	0.401	2.191	0.456	0.927
65	0.342	3.542	7.361	2.344	0.832	0.523	120.334	0.782	0.860	370	784	121.880	0.529	1.590	0.629	0.958
66	0.232	5.921	7.374	1.988	0.707	0.418	105.837	0.738	0.764	649	785	111.181	0.446	1.693	0.591	0.946
67	0.306	7.167	7.287	2.304	0.858	0.453	151.830	0.723	0.877	758	798	162.854	0.473	1.894	0.528	0.946
68	0.312	21.580	7.372	2.314	0.816	0.486	159.148	0.732	0.859	2377	811	162.504	0.508	1.679	0.596	0.941
69	0.195	4.830	7.356	2.083	0.812	0.305	172.673	0.564	0.880	490	823	173.019	0.335	2.662	0.376	0.912
70	0.394	2.024	7.563	2.640	0.824	0.609	175.517	0.710	0.897	184	833	164.445	0.652	1.352	0.739	0.925
71	6.351E-4	17.874	7.551	0.088	0.031	0.026	0.000	1.000	0.037	2004	847	165.964	0.027	1.195	0.837	0.800
72	7.145E-4	6.842	7.559	0.088	0.035	0.026	159.699	1.000	0.040	766	847	153.435	0.027	1.340	0.746	0.857
73	0.002	4.060	7.680	0.169	0.065	0.040	158.913	0.908	0.072	452	860	150.255	0.048	1.611	0.621	0.812
74	0.001	4.160	7.671	0.106	0.039	0.034	135.000	1.000	0.045	465	859	126.870	0.036	1.159	0.863	0.897
75	3.176E-4	0.740	7.770	0.050	0.020	0.020	0.000	1.000	0.025	82	871	135.000	0.018	1.000	1.000	1.000
76	0.167	26.167	8.084	1.785	0.666	0.320	137.943	0.660	0.735	2905	881	140.906	0.359	2.084	0.480	0.932
77	0.260	16.693	8.170	2.008	0.612	0.542	114.950	0.811	0.650	1843	889	146.746	0.549	1.130	0.885	0.948
78	0.130	24.597	8.138	1.454	0.528	0.314	154.071	0.775	0.539	2738	894	145.784	0.327	1.681	0.595	0.946
79	0.258	17.951	8.240	2.151	0.810	0.406	144.991	0.702	0.838	1979	897	144.958	0.434	1.993	0.502	0.917
80	0.189	23.196	8.231	1.680	0.537	0.448	114.922	0.841	0.557	2603	893	97.352	0.453	1.197	0.836	0.946
81	0.231	15.213	8.318	1.942	0.633	0.465	124.914	0.771	0.676	1683	904	138.743	0.470	1.362	0.734	0.944
82	0.216	19.566	8.286	2.094	0.840	0.327	164.196	0.618	0.856	2151	916	165.530	0.336	2.569	0.389	0.933
83	0.255	13.654	8.333	2.228	0.743	0.438	171.963	0.646	0.839	1489	918	167.735	0.506	1.698	0.589	0.888
84	0.217	10.843	8.363	1.867	0.588	0.470	168.088	0.783	0.612	1185	947	21.337	0.496	1.250	0.800	0.955
85	0.195	9.466	8.383	1.889	0.648	0.384	161.580	0.688	0.725	1022	921	163.571	0.416	1.689	0.592	0.925
86	0.097	12.197	8.350	1.209	0.401	0.309	25.377	0.837	0.418	1348	950	39.806	0.308	1.300	0.769	0.951
87	0.274	6.179	8.613	2.178	0.784	0.445	76.884	0.726	0.820	692	1014	81.254	0.465	1.764	0.567	0.936
88	0.162	7.287	8.504	1.598	0.464	0.446	13.283	0.799	0.521	792	949	160.017	0.449	1.041	0.961	0.952
89	0.183	8.372	8.490	1.718	0.602	0.388	144.196	0.781	0.661	909	932	142.667	0.412	1.550	0.645	0.949
90	0.136	21.449	8.482	1.584	0.591	0.292	146.834	0.678	0.640	2377	936	148.079	0.313	2.027	0.493	0.939
91	0.363	3.430	8.780	2.465	0.832	0.556	73.777	0.751	0.885	369	1029	69.376	0.583	1.497	0.668	0.944
92	0.307	4.792	8.722	2.281	0.774	0.505	146.692	0.742	0.790	508	948	130.882	0.508	1.532	0.653	0.935
93	0.003	16.376	8.475	0.192	0.076	0.047	114.682	0.947	0.080	1836	947	116.565	0.052	1.622	0.617	0.886
94	0.236	1.906	8.808	1.949	0.681	0.442	23.741	0.781	0.704	178	1001	18.435	0.465	1.541	0.649	0.938
95	0.003	11.276	8.646	0.174	0.064	0.052	175.302	1.000	0.068	1262	969	156.801	0.053	1.213	0.825	0.904
96	0.002	19.450	8.638	0.154	0.056	0.045	8.536	1.000	0.060	2180	968	153.435	0.045	1.230	0.813	0.909
97	0.318	26.557	9.162	2.450	0.915	0.443	126.760	0.666	0.942	2953	987	119.476	0.468	2.065	0.484	0.918
98	0.396	18.892	9.286	2.709	0.940	0.536	152.461	0.678	0.995	2077	1002	149.300	0.579	1.754	0.570	0.927
99	0.197	23.978	9.254	1.819	0.652	0.384	73.912	0.747	0.674	2679	1073	69.887	0.396	1.697	0.589	0.942
100	0.438	22.903	9.332	2.713	0.931	0.599	158.664	0.747	0.922	2519	1049	174.455	0.637	1.555	0.643	0.926
101	0.191	16.179	9.262	1.774	0.598	0.407	88.861	0.762	0.639	1816	1079	81.983	0.451	1.469	0.681	0.930
102	0.225	15.183	9.247	2.076	0.821	0.348	21.960	0.654	0.830	1659	1057	24.087	0.383	2.360	0.424	0.932
103	0.266	25.094	9.218	2.218	0.843	0.402	177.151	0.680	0.870	2765	1027	173.530	0.437	2.099	0.476	0.936
104	0.326	21.464	9.339	2.565	1.004	0.414	159.862	0.623	0.971	2362	1028	157.906	0.451	2.426	0.412	0.893
105	0.250	20.270	9.400	2.129	0.793	0.402	134.093	0.694	0.816	2235	1029	148.392	0.424	1.971	0.507	0.921
106	0.074	17.722	9.231	1.132	0.424	0.222	0.441	0.726	0.441	1965	1039	8.130	0.236	1.906	0.525	0.913
107	0.064	17.009	9.281	0.986	0.343	0.238	147.352	0.827	0.356	1890	1035	157.932	0.249	1.444	0.693	0.936
108	0.115	14.133	9.389	1.490	0.453	0.323	139.843	0.652	0.517	1571	1030	132.207	0.361	1.403	0.713	0.889
109	0.077	13.385	9.411	1.076	0.389	0.251	106.424	0.835	0.411	1494	1034	102.529	0.261	1.549	0.646	0.948
110	0.122	10.733	9.451	1.467	0.494	0.315	28.373	0.715	0.535	1176	1075	23.575	0.343	1.568	0.638	0.894
111	0.087	11.971	9.427	1.177	0.374	0.297	28.404	0.793	0.397	1327	1074	47.726	0.309	1.260	0.794	0.927
112	0.067	12.725	9.445	1.043	0.351	0.245	16.294	0.778	0.387	1406	1067	14.676	0.267	1.434	0.698	0.916
113	9.527E-4	9.543	9.338	0.101	0.035	0.035	0.000	1.000	0.040	1070	1046	116.565	0.036	1.000	1.000	0.857
114	0.126	7.221	9.602	1.381	0.430	0.372	79.053	0.830	0.448	799	1056	121.159	0.374	1.156	0.865	0.944
115	0.064	8.287	9.570	1.032	0.309	0.264	71.456	0.758	0.344	925	1093	79.563	0.294	1.171	0.854	0.879
116	0.118	9.277	9.591	1.497	0.580	0.260	163.815	0.663	0.558	1013	1063	151.390	0.268	2.233	0.448	0.927
117	0.105	6.060	9.690	1.279	0.453	0.294	176.284	0.803	0.466	654	1082	173.418	0.312	1.541	0.649	0.943
118	0.128	4.705	9.857	1.489	0.477	0.342	17.367	0.727	0.497	503	1117	32.550	0.370	1.395	0.717	0.895
119	0.195	3.282	9.914	1.816	0.707	0.352	151.510	0.745	0.715	333	1095	149.281	0.358	2.010	0.497	0.958
120	0.110	1.798	9.915	1.323	0.464	0.302	148.890	0.791	0.483	176	1105	157.218	0.320	1.536	0.651	0.932
121	4.763E-4	20.790	10.036	0.076	0.028	0.022	135.000	1.000	0.032	2332	1125	123.690	0.025	1.291	0.775	0.800
122	0.353	24.285	10.432	2.701	0.934	0.481	157.296	0.608	1.044	2668	1158	158.471	0.545	1.944	0.514	0.897
123	0.148	15.738	10.387	1.561	0.539	0.350	132.445	0.763	0.568	1744	1147	132.455	0.376	1.539	0.650	0.932
124	0.436	18.017	10.502	3.072	1.212	0.458	156.123	0.581	1.249	1954	1160	162.987	0.508	2.647	0.378	0.908
125	0.145	26.442	10.398	1.594	0.462	0.401	163.964	0.719	0.512	2942	1149	166.931	0.430	1.154	0.867	0.913
126	0.384	20.544	10.634	2.881	1.077	0.453	149.578	0.581	1.140	2255	1154	148.422	0.512	2.376	0.421	0.918
127	0.216	16.800	10.525	1.926	0.695	0.397	125.684	0.733	0.756	1859	1148	124.439	0.422	1.751	0.571	0.945
128	0.205	23.197	10.459	1.810	0.599	0.435	155.351	0.786	0.657	2569	1159	147.171	0.458	1.376	0.727	0.951
129	0.234	10.547	10.653	2.023	0.739	0.404	85.026	0.720	0.765	1174	1234	77.905	0.435	1.830	0.547	0.943
130	0.210	12.616	10.506	1.827	0.591	0.453	161.498	0.791	0.611	1392	1157	143.297	0.454	1.305	0.766	0.946
131	0.242	13.722	10.556	2.136	0.791	0.389	142.588	0.665	0.848	1501	1164	146.143	0.414	2.035	0.491	0.934
132	0.174	25.572	10.525	1.826	0.637	0.347	150.206	0.655	0.714	2839	1157	146.706	0.370	1.834	0.545	0.917
133	0.278	22.086	10.627	2.070	0.679	0.521	160.760	0.815	0.722	2442	1179	164.249	0.547	1.303	0.768	0.954
134	0.132	14.781	10.576	1.514	0.553	0.304	139.642	0.725	0.604	1627	1168	142.792	0.327	1.817	0.550	0.924
135	0.200	9.291	10.628	1.764	0.597	0.427	175.070	0.808	0.642	1007	1189	170.407	0.447	1.399	0.715	0.949
136	0.244	8.146	10.674	2.063	0.752	0.414	162.098	0.722	0.750	876	1186	161.996	0.436	1.818	0.550	0.931
137	0.224	11.534	10.670	1.995	0.722	0.395	9.774	0.707	0.778	1252	1202	9.894	0.438	1.831	0.546	0.937
138	0.515	4.545	10.980	2.994	1.104	0.594	131.175	0.723	1.097	464	1185	128.733	0.607	1.857	0.538	0.943
139	0.154	19.388	10.721	1.642	0.625	0.313	167.432	0.717	0.655	2141	1192	165.018	0.339	1.994	0.502	0.945
140	0.110	7.140	10.726	1.395	0.496	0.282	157.008	0.710	0.501	772	1197	174.898	0.301	1.756	0.569	0.912
141	2.382E-4	23.726	10.596	0.050	0.021	0.014	135.000	1.000	0.025	2662	1188	135.000	0.018	1.464	0.683	0.857
142	0.276	3.227	10.954	2.166	0.716	0.490	128.112	0.739	0.737	327	1204	133.531	0.525	1.462	0.684	0.904
143	0.346	5.881	10.909	2.405	0.859	0.513	155.497	0.753	0.905	615	1206	151.164	0.541	1.673	0.598	0.951
144	3.176E-4	23.763	10.799	0.050	0.020	0.020	0.000	1.000	0.025	2666	1211	135.000	0.018	1.000	1.000	1.000
145	0.212	1.858	11.046	2.046	0.832	0.324	173.718	0.636	0.834	162	1237	173.254	0.346	2.569	0.389	0.941
146	0.002	17.922	10.922	0.149	0.054	0.045	70.395	1.000	0.060	2010	1229	63.435	0.045	1.222	0.818	0.906
147	0.001	10.269	11.031	0.119	0.044	0.037	0.000	1.000	0.048	1150	1237	158.199	0.036	1.209	0.827	0.889
148	0.242	15.680	11.568	1.966	0.663	0.465	85.012	0.786	0.703	1750	1337	81.254	0.480	1.427	0.701	0.937
149	9.527E-4	23.353	11.245	0.101	0.035	0.035	0.000	1.000	0.040	2620	1260	116.565	0.036	1.000	1.000	0.857
150	0.291	26.560	11.530	2.398	0.947	0.391	157.385	0.635	0.945	2928	1275	154.885	0.426	2.421	0.413	0.928
151	0.157	21.856	11.576	1.573	0.557	0.360	153.493	0.800	0.591	2427	1279	149.184	0.380	1.546	0.647	0.950
152	0.213	24.179	11.590	1.960	0.702	0.386	177.184	0.696	0.749	2675	1296	177.955	0.415	1.821	0.549	0.938
153	0.180	16.810	11.610	1.675	0.552	0.415	171.602	0.805	0.589	1855	1293	169.540	0.423	1.332	0.751	0.942
154	0.210	23.079	11.679	1.989	0.781	0.342	29.303	0.667	0.806	2548	1330	32.811	0.355	2.282	0.438	0.948
155	0.289	12.459	11.702	2.434	0.774	0.475	174.012	0.613	0.832	1354	1314	175.083	0.497	1.631	0.613	0.898
156	0.209	13.571	11.679	1.942	0.729	0.365	170.844	0.697	0.755	1483	1299	168.425	0.392	1.994	0.501	0.942
157	0.256	14.705	11.732	2.343	0.835	0.390	158.081	0.586	0.958	1599	1302	159.880	0.445	2.138	0.468	0.903
158	0.272	18.036	11.719	2.236	0.875	0.396	177.722	0.685	0.895	1976	1310	174.289	0.418	2.208	0.453	0.945
159	0.148	25.188	11.698	1.685	0.613	0.308	6.842	0.656	0.661	2789	1325	10.098	0.319	1.990	0.503	0.932
160	0.249	19.266	11.796	2.202	0.838	0.378	156.969	0.644	0.866	2115	1309	156.337	0.414	2.217	0.451	0.926
161	0.246	20.444	11.835	2.116	0.801	0.391	155.462	0.690	0.809	2252	1311	159.370	0.401	2.050	0.488	0.925
162	2.382E-4	11.184	11.617	0.050	0.021	0.014	135.000	1.000	0.025	1254	1303	135.000	0.018	1.464	0.683	0.857
163	0.237	11.065	11.908	2.060	0.702	0.431	167.104	0.703	0.778	1201	1318	164.055	0.461	1.630	0.613	0.927
164	0.002	23.812	11.739	0.136	0.046	0.046	0.000	1.000	0.052	2671	1315	120.964	0.045	1.000	1.000	0.913
165	0.238	8.398	11.982	2.099	0.731	0.414	14.264	0.679	0.812	895	1359	17.241	0.451	1.763	0.567	0.922
166	0.272	9.736	12.070	2.186	0.786	0.440	144.668	0.715	0.789	1050	1334	151.699	0.483	1.787	0.560	0.932
167	5.557E-4	23.866	11.906	0.081	0.028	0.026	0.000	1.000	0.032	2677	1335	123.690	0.027	1.069	0.936	0.875
168	0.159	1.828	12.165	1.577	0.523	0.388	8.948	0.804	0.554	172	1363	168.871	0.400	1.349	0.741	0.956
169	0.128	3.864	12.187	1.512	0.582	0.279	139.425	0.701	0.606	406	1352	143.973	0.296	2.087	0.479	0.936
170	0.250	5.112	12.195	2.202	0.802	0.397	11.141	0.648	0.871	532	1386	16.026	0.428	2.023	0.494	0.917
171	0.149	7.176	12.196	1.597	0.561	0.338	0.129	0.733	0.608	769	1371	4.205	0.365	1.662	0.602	0.915
172	0.085	2.890	12.267	1.205	0.433	0.251	33.548	0.740	0.458	301	1385	26.565	0.274	1.726	0.579	0.920
173	0.105	6.256	12.254	1.257	0.447	0.298	158.513	0.832	0.458	681	1361	142.907	0.304	1.500	0.667	0.956
174	0.145	24.127	12.503	1.506	0.452	0.409	89.608	0.803	0.494	2706	1377	97.253	0.417	1.105	0.905	0.930
175	0.001	20.675	12.313	0.119	0.044	0.034	9.462	1.000	0.048	2318	1381	158.199	0.036	1.295	0.772	0.857
176	0.078	25.778	12.504	1.164	0.416	0.239	48.102	0.724	0.444	2876	1424	51.520	0.255	1.742	0.574	0.909
177	0.095	26.294	12.500	1.193	0.398	0.305	33.345	0.843	0.423	2933	1417	34.695	0.329	1.306	0.765	0.945
178	0.134	22.824	12.544	1.524	0.519	0.330	25.558	0.727	0.556	2532	1407	15.819	0.363	1.573	0.636	0.937
179	0.131	21.707	12.597	1.419	0.471	0.355	143.734	0.821	0.479	2410	1403	170.362	0.358	1.325	0.754	0.942
180	0.056	25.102	12.515	0.932	0.334	0.212	172.566	0.807	0.348	2798	1402	166.675	0.225	1.572	0.636	0.939
181	0.002	17.508	12.456	0.151	0.049	0.049	0.000	1.000	0.056	1964	1395	108.435	0.050	1.000	1.000	0.857
182	0.291	16.660	12.842	2.245	0.713	0.519	129.104	0.725	0.781	1849	1406	122.421	0.576	1.372	0.729	0.917
183	0.117	17.530	12.832	1.408	0.511	0.291	96.961	0.740	0.535	1965	1411	100.561	0.316	1.757	0.569	0.935
184	0.122	20.370	12.792	1.531	0.600	0.259	148.763	0.655	0.634	2256	1420	150.555	0.282	2.318	0.431	0.921
185	4.763E-4	14.470	12.648	0.068	0.030	0.020	90.000	1.000	0.032	1623	1418	123.690	0.018	1.500	0.667	1.000
186	0.086	18.431	12.815	1.386	0.590	0.184	148.507	0.559	0.588	2041	1421	147.995	0.214	3.199	0.313	0.881
187	0.119	19.390	12.861	1.406	0.434	0.350	134.036	0.759	0.485	2157	1422	147.771	0.389	1.237	0.808	0.913
188	0.202	14.541	12.891	1.996	0.740	0.348	157.480	0.638	0.773	1593	1429	159.057	0.388	2.125	0.471	0.898
189	0.060	13.368	12.886	1.023	0.386	0.199	2.277	0.723	0.411	1478	1446	4.970	0.214	1.945	0.514	0.930
190	0.146	12.302	13.027	1.597	0.586	0.318	17.486	0.721	0.625	1349	1471	14.036	0.337	1.845	0.542	0.938
191	0.096	15.542	13.011	1.261	0.382	0.318	11.681	0.755	0.405	1730	1480	39.644	0.336	1.200	0.833	0.913
192	0.182	9.596	13.180	1.663	0.543	0.426	79.072	0.825	0.577	1068	1510	76.608	0.446	1.273	0.786	0.949
193	0.111	11.286	13.080	1.372	0.456	0.311	7.550	0.743	0.490	1240	1481	19.093	0.338	1.465	0.683	0.916
194	0.194	7.198	13.139	1.797	0.604	0.409	168.608	0.754	0.635	769	1475	165.379	0.436	1.477	0.677	0.935
195	0.116	10.378	13.169	1.339	0.450	0.328	142.389	0.814	0.475	1141	1467	149.589	0.352	1.371	0.729	0.942
196	0.155	8.505	13.185	1.668	0.593	0.332	2.258	0.698	0.616	919	1474	176.682	0.376	1.788	0.559	0.914
197	0.104	26.649	13.199	1.301	0.413	0.319	8.178	0.769	0.454	2964	1483	11.310	0.338	1.293	0.773	0.914
198	0.186	6.072	13.314	1.884	0.627	0.378	2.977	0.659	0.651	652	1479	160.821	0.396	1.658	0.603	0.898
199	0.001	24.993	13.132	0.111	0.038	0.037	2.771E-13	1.000	0.045	2803	1472	126.870	0.036	1.020	0.981	0.933
200	0.074	25.888	13.309	1.047	0.357	0.265	95.542	0.851	0.365	2903	1513	77.320	0.258	1.345	0.743	0.958
201	0.182	1.728	13.363	1.870	0.732	0.317	18.128	0.654	0.772	155	1513	18.853	0.354	2.311	0.433	0.936
202	0.076	25.231	13.374	1.122	0.399	0.243	120.972	0.761	0.411	2814	1484	139.399	0.246	1.639	0.610	0.931
203	0.181	4.937	13.442	1.681	0.546	0.422	27.740	0.806	0.591	528	1526	33.930	0.432	1.293	0.774	0.947
204	0.095	2.932	13.445	1.300	0.450	0.268	15.994	0.704	0.491	306	1522	22.380	0.293	1.681	0.595	0.914
205	0.161	3.991	13.533	1.739	0.660	0.310	30.657	0.669	0.674	413	1538	24.193	0.328	2.127	0.470	0.924
206	0.097	22.569	13.443	1.414	0.545	0.226	170.938	0.608	0.583	2502	1501	161.288	0.253	2.412	0.415	0.885
207	0.073	24.597	13.444	1.104	0.410	0.227	1.354	0.753	0.431	2737	1507	172.875	0.243	1.808	0.553	0.933
208	3.176E-4	25.543	13.352	0.068	0.024	0.017	90.000	0.857	0.028	2866	1497	108.435	0.018	1.468	0.681	0.800
209	0.059	23.936	13.497	0.957	0.322	0.234	122.972	0.812	0.339	2673	1502	125.362	0.245	1.379	0.725	0.924
210	0.067	21.875	13.536	1.053	0.369	0.233	43.379	0.766	0.391	2436	1528	34.778	0.250	1.582	0.632	0.933
211	0.064	23.371	13.545	1.013	0.370	0.222	145.566	0.789	0.394	2605	1506	142.352	0.242	1.666	0.600	0.946
212	0.098	19.327	13.665	1.265	0.395	0.316	9.899	0.769	0.437	2149	1548	20.283	0.338	1.252	0.799	0.934
213	0.138	20.154	13.686	1.495	0.468	0.375	151.288	0.775	0.530	2232	1521	160.346	0.393	1.247	0.802	0.936
214	0.077	18.493	13.665	1.063	0.370	0.267	157.306	0.861	0.381	2055	1525	163.686	0.277	1.386	0.721	0.949
215	0.056	20.990	13.667	0.923	0.307	0.234	41.880	0.832	0.319	2339	1541	22.989	0.250	1.310	0.763	0.922
216	0.136	13.859	13.831	1.554	0.522	0.332	35.947	0.708	0.572	1532	1580	37.405	0.358	1.573	0.636	0.919
217	0.099	16.001	13.815	1.246	0.452	0.279	167.668	0.801	0.465	1769	1547	163.301	0.291	1.618	0.618	0.947
218	0.086	17.321	13.817	1.281	0.490	0.224	153.930	0.660	0.531	1916	1539	157.306	0.258	2.191	0.456	0.909
219	0.109	14.777	13.856	1.289	0.462	0.299	168.334	0.821	0.485	1633	1547	162.897	0.312	1.545	0.647	0.948
220	0.150	11.728	13.952	1.488	0.451	0.425	7.321	0.853	0.472	1290	1570	10.886	0.437	1.060	0.943	0.952
221	0.087	26.786	14.019	1.317	0.433	0.256	82.236	0.631	0.485	3003	1606	82.614	0.307	1.689	0.592	0.865
222	0.072	12.801	13.963	1.140	0.447	0.205	175.816	0.696	0.470	1410	1564	170.181	0.214	2.179	0.459	0.943
223	0.075	25.385	14.125	1.076	0.324	0.296	110.721	0.818	0.358	2849	1565	95.711	0.307	1.091	0.916	0.918
224	0.151	8.461	14.144	1.636	0.590	0.326	10.879	0.709	0.632	915	1596	16.390	0.373	1.808	0.553	0.924
225	0.132	10.473	14.128	1.431	0.520	0.323	164.111	0.810	0.535	1148	1575	161.565	0.335	1.611	0.621	0.950
226	0.056	26.022	14.089	0.927	0.340	0.210	151.523	0.820	0.371	2904	1569	144.782	0.229	1.620	0.617	0.957
227	0.111	9.670	14.194	1.335	0.432	0.327	6.841	0.782	0.464	1057	1595	177.797	0.330	1.323	0.756	0.932
228	0.001	7.203	14.053	0.131	0.045	0.040	25.406	1.000	0.052	806	1579	30.964	0.044	1.130	0.885	0.857
229	0.121	23.744	14.313	1.539	0.553	0.278	132.265	0.641	0.625	2635	1584	137.891	0.303	1.986	0.504	0.909
230	0.076	24.516	14.239	1.146	0.381	0.254	141.263	0.726	0.422	2731	1584	134.145	0.290	1.502	0.666	0.922
231	0.114	5.133	14.275	1.412	0.451	0.323	157.361	0.721	0.495	552	1589	149.744	0.342	1.395	0.717	0.904
232	0.078	6.181	14.271	1.106	0.393	0.254	44.306	0.804	0.410	676	1617	34.380	0.268	1.547	0.646	0.929
233	0.180	1.659	14.345	1.837	0.593	0.385	177.845	0.669	0.633	153	1608	166.159	0.401	1.539	0.650	0.890
234	0.120	2.742	14.387	1.453	0.455	0.334	65.818	0.712	0.512	288	1637	58.523	0.347	1.362	0.734	0.894
235	0.141	7.385	14.380	1.526	0.540	0.333	41.592	0.762	0.562	803	1635	48.215	0.341	1.621	0.617	0.935
236	0.113	22.836	14.385	1.377	0.477	0.301	60.633	0.748	0.498	2542	1631	42.825	0.316	1.583	0.632	0.922
237	0.130	21.102	14.452	1.461	0.496	0.334	112.386	0.766	0.534	2357	1594	117.848	0.351	1.482	0.675	0.937
238	0.089	22.088	14.416	1.248	0.439	0.259	143.839	0.720	0.460	2459	1600	148.465	0.282	1.697	0.589	0.899
239	0.085	20.186	14.371	1.228	0.474	0.229	160.929	0.711	0.493	2238	1607	167.471	0.262	2.070	0.483	0.906
240	0.096	19.317	14.495	1.209	0.384	0.317	121.226	0.822	0.428	2153	1606	125.676	0.316	1.213	0.824	0.946
241	0.090	18.625	14.518	1.225	0.463	0.247	53.885	0.752	0.482	2076	1655	56.310	0.258	1.877	0.533	0.943
242	0.094	4.089	14.502	1.309	0.498	0.240	176.855	0.688	0.545	426	1628	176.248	0.249	2.076	0.482	0.949
243	0.063	17.682	14.638	1.031	0.392	0.206	86.526	0.750	0.397	1980	1666	80.961	0.214	1.907	0.524	0.932
244	0.073	16.785	14.613	1.008	0.319	0.291	139.159	0.902	0.334	1868	1630	145.886	0.294	1.094	0.914	0.959
245	0.085	15.810	14.700	1.218	0.437	0.249	167.507	0.722	0.465	1750	1638	163.301	0.266	1.756	0.570	0.927
246	0.103	14.132	14.771	1.304	0.487	0.270	177.220	0.761	0.510	1559	1658	5.013	0.285	1.805	0.554	0.951
247	0.099	13.282	14.796	1.292	0.495	0.255	8.624	0.748	0.523	1461	1668	13.799	0.274	1.942	0.515	0.943
248	0.106	12.395	14.848	1.425	0.502	0.269	136.753	0.657	0.557	1364	1651	140.194	0.296	1.865	0.536	0.903
249	0.058	14.995	14.802	0.945	0.363	0.202	20.320	0.810	0.379	1664	1671	29.578	0.214	1.802	0.555	0.956
250	0.110	8.852	14.983	1.405	0.537	0.261	124.454	0.701	0.561	975	1657	125.961	0.291	2.061	0.485	0.929
251	0.099	11.116	14.906	1.385	0.527	0.239	17.780	0.649	0.571	1219	1683	14.470	0.267	2.204	0.454	0.920
252	0.237	26.037	15.017	2.074	0.757	0.398	5.717	0.692	0.785	2880	1683	170.858	0.409	1.899	0.526	0.919
253	0.115	10.018	14.977	1.386	0.530	0.276	155.544	0.753	0.555	1098	1665	150.141	0.294	1.917	0.522	0.946
254	0.145	26.974	15.011	1.488	0.471	0.393	53.719	0.825	0.522	3013	1710	53.326	0.410	1.199	0.834	0.950
255	0.078	7.083	15.006	1.064	0.341	0.289	4.762	0.861	0.363	774	1688	24.677	0.294	1.181	0.847	0.949
256	0.093	8.033	15.028	1.211	0.416	0.284	170.211	0.795	0.460	878	1683	171.085	0.303	1.462	0.684	0.946
257	0.140	25.009	15.109	1.531	0.565	0.317	139.355	0.753	0.586	2784	1673	133.152	0.334	1.784	0.561	0.933
258	0.108	6.137	15.081	1.300	0.417	0.330	5.140	0.802	0.451	668	1707	24.538	0.331	1.264	0.791	0.947
259	0.060	3.634	15.110	1.000	0.390	0.197	117.765	0.758	0.383	396	1677	125.538	0.210	1.978	0.506	0.941
260	0.068	5.268	15.073	1.047	0.369	0.233	158.108	0.774	0.383	571	1686	167.905	0.248	1.579	0.633	0.923
261	0.087	1.625	15.118	1.312	0.466	0.238	12.288	0.636	0.521	156	1699	12.848	0.247	1.958	0.511	0.892
262	0.093	2.569	15.181	1.288	0.475	0.248	29.597	0.701	0.515	266	1720	30.114	0.274	1.916	0.522	0.913
263	0.155	24.149	15.272	1.699	0.562	0.351	43.704	0.674	0.606	2681	1732	36.027	0.374	1.603	0.624	0.904
264	0.183	23.138	15.295	1.822	0.685	0.341	146.899	0.694	0.708	2564	1700	148.912	0.372	2.009	0.498	0.937
265	0.128	22.137	15.285	1.494	0.526	0.309	137.434	0.719	0.558	2461	1695	141.483	0.346	1.701	0.588	0.912
266	0.088	4.437	15.215	1.193	0.428	0.262	159.826	0.779	0.440	476	1695	158.629	0.279	1.632	0.613	0.938
267	0.003	19.483	15.245	0.179	0.065	0.051	145.930	1.000	0.072	2183	1709	150.255	0.053	1.281	0.781	0.904
268	0.201	20.898	15.460	2.010	0.807	0.318	157.441	0.626	0.786	2307	1717	150.819	0.337	2.542	0.393	0.917
269	0.268	19.687	15.566	2.239	0.840	0.406	165.897	0.672	0.871	2161	1731	160.267	0.458	2.067	0.484	0.916
270	0.217	13.551	15.598	2.010	0.744	0.372	159.472	0.675	0.797	1474	1738	154.867	0.410	1.999	0.500	0.939
271	0.144	18.575	15.661	1.595	0.500	0.368	44.799	0.713	0.535	2066	1783	66.425	0.410	1.358	0.736	0.914
272	5.557E-4	11.451	15.437	0.076	0.028	0.026	90.000	1.000	0.032	1284	1731	123.690	0.027	1.069	0.936	0.875
273	0.177	14.624	15.638	1.819	0.711	0.318	178.589	0.674	0.732	1600	1747	170.194	0.338	2.240	0.446	0.932
274	0.232	12.391	15.722	1.985	0.690	0.428	169.348	0.739	0.726	1351	1767	6.340	0.439	1.611	0.621	0.940
275	0.103	15.707	15.672	1.277	0.444	0.294	131.887	0.791	0.480	1748	1737	130.486	0.319	1.511	0.662	0.939
276	0.178	16.760	15.656	1.829	0.690	0.328	179.460	0.668	0.733	1839	1757	4.185	0.365	2.102	0.476	0.921
277	0.121	17.720	15.687	1.508	0.528	0.291	154.863	0.666	0.591	1956	1745	156.915	0.333	1.814	0.551	0.901
278	0.154	11.256	15.781	1.678	0.605	0.324	169.485	0.686	0.654	1227	1769	173.746	0.341	1.869	0.535	0.926
279	0.094	2.227	15.884	1.220	0.433	0.276	75.425	0.793	0.454	247	1806	78.690	0.283	1.565	0.639	0.959
280	0.117	10.191	15.804	1.502	0.581	0.255	166.849	0.649	0.576	1115	1762	158.199	0.272	2.275	0.440	0.919
281	0.071	3.028	15.865	1.061	0.369	0.244	92.884	0.790	0.379	339	1803	80.538	0.260	1.508	0.663	0.929
282	0.215	5.866	15.930	1.892	0.644	0.425	5.619	0.755	0.682	619	1784	6.754	0.444	1.515	0.660	0.929
283	0.177	9.122	15.936	1.758	0.683	0.330	147.783	0.720	0.678	989	1770	151.750	0.341	2.072	0.483	0.933
284	0.082	4.927	15.869	1.206	0.451	0.232	171.006	0.709	0.461	528	1778	169.992	0.255	1.944	0.514	0.917
285	0.062	1.512	15.935	0.962	0.306	0.258	162.681	0.842	0.319	151	1784	149.859	0.262	1.189	0.841	0.937
286	0.129	6.948	15.970	1.601	0.637	0.258	176.810	0.634	0.662	744	1792	175.365	0.279	2.463	0.406	0.925
287	0.102	8.080	15.998	1.260	0.438	0.296	158.833	0.805	0.463	881	1792	168.906	0.323	1.480	0.676	0.937
288	9.527E-4	6.638	15.878	0.101	0.035	0.035	0.000	1.000	0.040	744	1780	116.565	0.036	1.000	1.000	0.857
289	0.069	3.845	15.999	1.091	0.394	0.224	163.755	0.732	0.424	406	1788	165.379	0.250	1.756	0.569	0.929
290	8.733E-4	9.738	15.948	0.101	0.036	0.031	18.435	1.000	0.040	1091	1789	153.435	0.036	1.139	0.878	0.815
291	0.060	21.920	16.136	0.993	0.356	0.213	167.296	0.759	0.378	2441	1804	164.982	0.223	1.675	0.597	0.931
292	3.176E-4	0.009	16.065	0.050	0.020	0.020	0.000	1.000	0.025	0	1802	135.000	0.018	1.000	1.000	1.000
293	0.160	25.211	16.337	1.727	0.641	0.317	51.810	0.672	0.630	2806	1861	56.535	0.348	2.021	0.495	0.899
294	0.220	24.273	16.436	2.056	0.768	0.364	60.939	0.653	0.795	2701	1887	59.697	0.402	2.112	0.473	0.905
295	0.123	20.755	16.274	1.395	0.440	0.356	38.089	0.794	0.471	2325	1854	60.524	0.383	1.236	0.809	0.954
296	0.067	25.964	16.251	1.045	0.386	0.220	148.529	0.768	0.408	2892	1812	148.392	0.243	1.754	0.570	0.943
297	3.176E-4	9.569	16.154	0.050	0.020	0.020	0.000	1.000	0.025	1073	1812	135.000	0.018	1.000	1.000	1.000
298	0.122	26.709	16.394	1.449	0.516	0.302	164.002	0.731	0.586	2965	1828	160.463	0.319	1.710	0.585	0.941
299	0.082	23.634	16.473	1.150	0.402	0.261	97.767	0.784	0.423	2651	1826	98.471	0.267	1.542	0.649	0.934
300	0.109	16.045	16.476	1.384	0.534	0.260	5.549	0.717	0.555	1768	1855	5.528	0.267	2.051	0.488	0.945
301	0.196	14.153	16.726	1.922	0.742	0.336	138.137	0.667	0.750	1564	1842	135.481	0.340	2.208	0.453	0.932
302	0.163	19.923	16.664	1.652	0.549	0.377	47.770	0.749	0.607	2212	1893	49.764	0.411	1.457	0.686	0.933
303	0.082	16.835	16.587	1.128	0.396	0.263	32.036	0.808	0.403	1869	1874	18.034	0.275	1.507	0.663	0.951
304	0.155	1.346	16.798	1.809	0.743	0.266	44.290	0.596	0.775	122	1914	44.534	0.290	2.792	0.358	0.943
305	0.049	21.378	16.617	0.867	0.306	0.202	160.598	0.813	0.319	2384	1855	149.859	0.209	1.509	0.663	0.939
306	0.139	11.072	16.680	1.578	0.610	0.291	12.687	0.704	0.618	1209	1878	15.038	0.319	2.096	0.477	0.924
307	0.083	22.748	16.651	1.255	0.482	0.219	169.034	0.660	0.491	2529	1858	164.197	0.238	2.206	0.453	0.912
308	0.110	17.715	16.691	1.325	0.484	0.290	166.377	0.789	0.503	1962	1860	157.068	0.303	1.665	0.601	0.955
309	0.154	3.168	16.791	1.681	0.588	0.333	174.675	0.684	0.605	324	1877	170.676	0.376	1.763	0.567	0.894
310	2.382E-4	8.270	16.580	0.050	0.021	0.014	135.000	1.000	0.025	927	1860	135.000	0.018	1.464	0.683	0.857
311	0.110	10.049	16.753	1.418	0.551	0.255	157.646	0.690	0.543	1103	1862	150.489	0.267	2.159	0.463	0.923
312	0.113	15.129	16.729	1.289	0.451	0.319	13.215	0.855	0.471	1673	1884	15.350	0.321	1.415	0.707	0.960
313	0.153	2.200	16.774	1.633	0.583	0.335	1.012	0.723	0.626	213	1886	4.899	0.380	1.742	0.574	0.922
314	0.087	18.749	16.755	1.242	0.479	0.231	147.004	0.708	0.492	2081	1868	148.325	0.257	2.075	0.482	0.923
315	0.466	6.361	16.909	2.981	1.069	0.555	7.918	0.659	1.163	655	1916	13.291	0.584	1.926	0.519	0.931
316	0.113	13.016	16.747	1.437	0.558	0.258	176.818	0.688	0.565	1426	1875	173.660	0.267	2.162	0.463	0.943
317	0.073	12.004	16.785	1.194	0.474	0.196	170.764	0.642	0.482	1324	1875	163.909	0.217	2.424	0.413	0.915
318	0.110	4.194	16.841	1.512	0.629	0.223	157.715	0.605	0.638	439	1876	153.435	0.242	2.820	0.355	0.914
319	0.147	5.183	16.948	1.587	0.524	0.358	42.712	0.734	0.585	550	1917	37.569	0.378	1.464	0.683	0.927
320	0.002	9.439	16.727	0.131	0.047	0.041	45.001	1.000	0.052	1057	1879	30.964	0.044	1.161	0.861	0.884
321	0.108	8.766	16.889	1.366	0.491	0.279	174.722	0.725	0.523	953	1892	166.201	0.285	1.757	0.569	0.924
322	0.145	7.786	16.929	1.640	0.588	0.314	5.505	0.678	0.608	838	1907	4.205	0.339	1.870	0.535	0.896
323	0.199	27.075	17.133	1.904	0.747	0.339	129.683	0.690	0.746	3007	1899	139.844	0.348	2.200	0.455	0.937
324	0.249	26.022	17.099	2.115	0.717	0.442	168.244	0.700	0.797	2877	1920	169.695	0.463	1.623	0.616	0.942
325	0.144	25.017	17.208	1.653	0.640	0.287	156.463	0.664	0.635	2778	1915	157.751	0.294	2.225	0.449	0.936
326	0.151	23.006	17.411	1.562	0.538	0.359	118.184	0.779	0.558	2566	1929	118.610	0.375	1.499	0.667	0.935
327	0.154	23.819	17.385	1.735	0.655	0.299	177.577	0.641	0.678	2635	1957	9.834	0.323	2.190	0.457	0.900
328	0.001	19.131	17.265	0.119	0.042	0.033	65.642	0.993	0.048	2146	1940	68.199	0.036	1.264	0.791	0.848
329	0.077	15.190	17.416	1.134	0.413	0.238	140.966	0.755	0.442	1685	1940	138.270	0.257	1.733	0.577	0.927
330	0.076	16.950	17.430	1.213	0.472	0.204	25.794	0.646	0.500	1879	1968	31.139	0.224	2.318	0.431	0.912
331	0.067	17.836	17.404	1.017	0.357	0.238	8.409	0.811	0.378	1980	1957	8.130	0.251	1.498	0.668	0.942
332	0.075	18.921	17.502	1.097	0.413	0.230	103.196	0.779	0.426	2118	1940	109.573	0.244	1.795	0.557	0.949
333	0.072	20.579	17.519	1.076	0.396	0.233	106.307	0.786	0.411	2304	1944	102.529	0.241	1.702	0.587	0.941
334	0.111	21.188	17.504	1.361	0.480	0.296	169.420	0.756	0.516	2350	1957	170.049	0.320	1.624	0.616	0.934
335	0.097	21.985	17.514	1.232	0.392	0.315	98.658	0.802	0.435	2453	1946	118.142	0.330	1.244	0.804	0.933
336	0.077	19.565	17.532	1.085	0.327	0.298	140.220	0.818	0.364	2193	1947	111.541	0.313	1.100	0.909	0.937
337	0.109	12.718	17.584	1.385	0.490	0.285	133.231	0.717	0.531	1412	1951	130.914	0.311	1.721	0.581	0.929
338	0.157	11.103	17.598	1.548	0.476	0.421	17.045	0.826	0.519	1215	1977	15.945	0.423	1.133	0.883	0.943
339	0.087	20.082	17.542	1.208	0.438	0.253	158.375	0.750	0.459	2231	1957	150.945	0.285	1.733	0.577	0.925
340	0.093	15.873	17.547	1.388	0.554	0.214	15.255	0.608	0.541	1751	1976	17.241	0.232	2.584	0.387	0.890
341	0.454	13.963	17.678	2.983	1.067	0.542	174.600	0.641	1.102	1508	1965	165.964	0.554	1.970	0.508	0.924
342	0.129	9.438	17.622	1.394	0.473	0.346	167.534	0.832	0.500	1032	1981	4.086	0.355	1.366	0.732	0.945
343	0.005	16.170	17.529	0.253	0.086	0.069	158.083	0.920	0.095	1811	1964	138.814	0.071	1.245	0.803	0.887
344	0.091	7.393	17.665	1.306	0.474	0.245	161.221	0.672	0.499	803	1969	164.476	0.268	1.933	0.517	0.894
345	0.116	4.146	17.782	1.407	0.528	0.279	109.695	0.735	0.561	453	1967	110.450	0.300	1.891	0.529	0.938
346	0.080	10.345	17.729	1.133	0.403	0.252	125.619	0.780	0.415	1147	1969	125.395	0.273	1.599	0.625	0.925
347	0.128	1.379	17.736	1.445	0.516	0.316	160.559	0.771	0.533	125	1984	170.380	0.331	1.632	0.613	0.934
348	0.108	11.893	17.713	1.295	0.461	0.300	178.669	0.813	0.470	1308	1986	170.181	0.300	1.538	0.650	0.953
349	0.076	2.462	17.745	1.058	0.374	0.260	22.026	0.859	0.392	255	1998	17.199	0.270	1.438	0.695	0.952
350	0.153	4.913	17.870	1.635	0.584	0.334	63.082	0.720	0.596	535	2036	58.449	0.380	1.747	0.572	0.907
351	7.939E-4	20.409	17.622	0.099	0.035	0.029	90.000	1.000	0.040	2289	1976	116.565	0.027	1.236	0.809	0.909
352	0.070	8.613	17.804	1.065	0.342	0.261	133.057	0.777	0.394	953	1979	127.648	0.289	1.314	0.761	0.925
353	0.001	11.399	17.650	0.113	0.042	0.033	24.358	1.000	0.048	1277	1982	21.801	0.036	1.264	0.791	0.848
354	0.376	25.061	17.974	2.531	0.821	0.583	175.417	0.738	0.868	2767	2031	5.301	0.599	1.408	0.710	0.930
355	0.057	6.566	17.837	0.910	0.306	0.237	83.354	0.865	0.313	733	2019	70.017	0.232	1.290	0.775	0.952
356	0.196	26.109	17.967	1.929	0.702	0.356	145.138	0.663	0.772	2894	1989	148.696	0.394	1.975	0.506	0.936
357	0.001	16.075	17.721	0.106	0.039	0.034	45.000	1.000	0.045	1802	1990	36.870	0.036	1.159	0.863	0.897
358	0.077	3.288	17.877	1.067	0.365	0.269	26.019	0.849	0.383	351	2018	35.538	0.278	1.357	0.737	0.952
359	0.008	15.790	17.784	0.339	0.113	0.091	44.569	0.877	0.121	1767	2000	36.027	0.100	1.243	0.805	0.894
360	0.170	27.031	17.958	1.811	0.688	0.315	156.350	0.653	0.709	2995	2000	154.722	0.348	2.185	0.458	0.904
361	0.083	17.563	17.974	1.325	0.553	0.191	126.241	0.593	0.557	1951	1993	129.806	0.217	2.900	0.345	0.900
362	0.076	8.038	17.936	1.133	0.350	0.278	17.080	0.747	0.398	882	2017	15.593	0.311	1.258	0.795	0.905
363	0.072	5.910	18.005	1.053	0.367	0.251	169.735	0.819	0.372	643	2019	168.959	0.259	1.465	0.683	0.933
364	0.144	21.172	18.130	1.571	0.529	0.348	67.063	0.736	0.536	2353	2055	48.366	0.358	1.522	0.657	0.904
365	0.003	20.440	17.933	0.199	0.081	0.042	37.933	0.853	0.084	2290	2015	32.005	0.049	1.928	0.519	0.840
366	0.071	22.084	18.058	1.029	0.350	0.258	105.225	0.840	0.371	2464	2011	120.256	0.264	1.356	0.737	0.952
367	7.939E-5	16.096	17.941	0.025	0.010	0.010	0.000	1.000	0.013	1806	2013	135.000	0.009	1.000	1.000	1.000
368	0.008	20.603	17.989	0.420	0.151	0.072	178.744	0.606	0.171	2302	2021	8.973	0.087	2.097	0.477	0.784
369	0.074	24.073	18.126	1.129	0.418	0.226	53.321	0.731	0.448	2687	2056	49.028	0.242	1.853	0.540	0.935
370	2.382E-4	20.768	17.988	0.050	0.021	0.014	45.000	1.000	0.025	2330	2020	45.000	0.018	1.464	0.683	0.857
371	0.094	19.692	18.190	1.218	0.373	0.321	103.354	0.795	0.415	2205	2020	112.714	0.330	1.160	0.862	0.927
372	0.134	23.158	18.229	1.441	0.511	0.333	173.902	0.809	0.545	2569	2042	164.827	0.347	1.535	0.651	0.955
373	0.075	20.260	18.240	1.182	0.346	0.276	176.856	0.675	0.376	2254	2050	13.707	0.301	1.254	0.798	0.868
374	8.733E-4	20.530	18.073	0.099	0.039	0.028	164.929	1.000	0.045	2302	2027	143.130	0.027	1.372	0.729	0.957
375	0.082	18.889	18.239	1.185	0.436	0.239	25.429	0.734	0.446	2096	2058	16.260	0.251	1.825	0.548	0.930
376	0.116	11.835	18.403	1.581	0.584	0.252	69.206	0.581	0.617	1319	2096	69.734	0.291	2.318	0.431	0.848
377	3.176E-4	10.086	18.128	0.068	0.029	0.014	121.717	0.857	0.032	1131	2033	123.690	0.018	2.031	0.492	0.800
378	9.527E-4	8.661	18.212	0.101	0.035	0.035	0.000	1.000	0.040	971	2042	116.565	0.036	1.000	1.000	0.857
379	2.382E-4	7.361	18.214	0.050	0.021	0.014	45.000	1.000	0.025	825	2045	45.000	0.018	1.464	0.683	0.857
380	0.136	2.867	18.391	1.532	0.570	0.304	164.498	0.729	0.600	290	2054	161.834	0.334	1.878	0.532	0.941
381	0.126	7.234	18.483	1.498	0.571	0.280	138.321	0.703	0.594	792	2048	130.135	0.302	2.041	0.490	0.929
382	0.059	1.218	18.410	0.965	0.276	0.272	132.386	0.797	0.321	122	2078	33.690	0.272	1.014	0.986	0.925
383	0.078	18.078	18.431	1.114	0.387	0.255	26.208	0.785	0.397	2013	2085	47.726	0.271	1.513	0.661	0.928
384	0.170	4.022	18.583	1.667	0.541	0.401	60.494	0.769	0.598	436	2116	65.344	0.415	1.350	0.741	0.932
385	0.041	6.605	18.414	0.805	0.290	0.182	174.683	0.802	0.312	724	2066	176.730	0.187	1.598	0.626	0.916
386	0.083	17.219	18.506	1.182	0.431	0.246	128.566	0.747	0.455	1916	2057	130.236	0.267	1.754	0.570	0.935
387	0.092	16.416	18.478	1.208	0.423	0.276	147.176	0.789	0.456	1818	2059	141.340	0.296	1.535	0.651	0.952
388	0.121	8.184	18.570	1.336	0.422	0.364	25.842	0.850	0.455	898	2099	23.051	0.371	1.160	0.862	0.948
389	0.077	5.767	18.596	1.159	0.429	0.230	63.206	0.724	0.455	638	2110	66.949	0.242	1.868	0.535	0.922
390	6.351E-4	7.980	18.396	0.081	0.032	0.026	45.000	1.000	0.038	894	2066	45.000	0.027	1.229	0.814	0.941
391	0.235	14.083	18.576	2.070	0.761	0.394	175.553	0.691	0.804	1536	2074	170.433	0.416	1.933	0.517	0.936
392	7.145E-4	20.302	18.431	0.086	0.030	0.030	0.000	1.000	0.038	2277	2067	135.000	0.027	1.000	1.000	1.000
393	0.174	10.911	18.658	1.674	0.602	0.369	136.318	0.783	0.636	1196	2070	134.433	0.390	1.631	0.613	0.954
394	0.055	15.644	18.559	0.921	0.323	0.218	136.638	0.818	0.341	1738	2072	139.236	0.233	1.483	0.674	0.935
395	0.066	1.962	18.573	1.022	0.338	0.249	0.789	0.795	0.368	199	2090	6.953	0.269	1.357	0.737	0.913
396	0.078	9.042	18.620	1.228	0.463	0.214	149.330	0.650	0.500	991	2074	148.861	0.245	2.162	0.462	0.903
397	0.116	12.986	18.624	1.444	0.538	0.275	170.279	0.702	0.556	1425	2093	6.442	0.301	1.953	0.512	0.914
398	0.002	5.498	18.497	0.136	0.054	0.038	0.000	1.000	0.056	614	2075	161.565	0.036	1.435	0.697	0.909
399	0.138	9.922	18.638	1.556	0.606	0.290	12.202	0.716	0.620	1079	2103	12.440	0.303	2.092	0.478	0.952
400	2.382E-4	9.256	18.496	0.050	0.021	0.014	45.000	1.000	0.025	1038	2077	45.000	0.018	1.464	0.683	0.857
401	0.081	15.114	18.643	1.194	0.423	0.244	26.102	0.715	0.457	1674	2108	33.071	0.270	1.734	0.577	0.904
402	0.113	5.092	18.677	1.355	0.461	0.311	177.180	0.771	0.482	546	2094	175.764	0.320	1.486	0.673	0.928
403	5.557E-4	14.653	18.692	0.081	0.028	0.026	0.000	1.000	0.032	1644	2096	123.690	0.027	1.069	0.936	0.875
404	7.145E-4	7.819	18.734	0.086	0.030	0.030	0.000	1.000	0.038	876	2101	135.000	0.027	1.000	1.000	1.000
405	6.351E-4	23.769	18.830	0.081	0.032	0.026	135.000	1.000	0.038	2666	2112	135.000	0.027	1.229	0.814	0.941
406	0.112	27.148	19.023	1.402	0.518	0.275	155.896	0.716	0.544	3017	2123	161.862	0.292	1.880	0.532	0.927
407	0.059	26.416	19.012	0.975	0.332	0.228	164.072	0.786	0.367	2949	2124	157.166	0.249	1.456	0.687	0.941
408	0.002	6.520	18.963	0.154	0.055	0.046	6.132	1.000	0.060	729	2126	153.435	0.045	1.177	0.849	0.926
409	0.098	1.144	19.198	1.300	0.478	0.261	54.063	0.728	0.509	114	2181	57.144	0.273	1.834	0.545	0.932
410	0.059	25.714	19.116	1.056	0.414	0.182	163.141	0.667	0.440	2864	2138	162.300	0.203	2.281	0.438	0.919
411	0.078	2.888	19.188	1.118	0.388	0.257	124.918	0.787	0.429	309	2136	131.634	0.275	1.513	0.661	0.939
412	0.041	22.755	19.180	0.747	0.233	0.225	43.447	0.924	0.250	2542	2161	34.824	0.223	1.036	0.965	0.958
413	0.102	25.004	19.220	1.395	0.526	0.248	173.601	0.661	0.564	2773	2153	174.560	0.279	2.117	0.472	0.923
414	0.077	2.008	19.262	1.132	0.419	0.236	12.421	0.760	0.443	201	2169	15.154	0.249	1.776	0.563	0.935
415	0.067	20.747	19.326	1.025	0.370	0.232	130.933	0.807	0.385	2312	2153	137.816	0.251	1.590	0.629	0.938
416	0.098	23.848	19.340	1.488	0.489	0.255	158.434	0.556	0.523	2647	2172	166.201	0.287	1.915	0.522	0.845
417	0.017	22.298	19.253	0.478	0.154	0.138	20.932	0.923	0.166	2494	2163	15.524	0.139	1.116	0.896	0.925
418	0.059	11.730	19.318	0.940	0.326	0.229	171.199	0.833	0.339	1300	2161	156.801	0.236	1.423	0.703	0.940
419	0.294	19.665	19.452	2.199	0.698	0.537	6.079	0.765	0.749	2170	2164	171.098	0.560	1.299	0.770	0.943
420	0.053	21.417	19.345	0.897	0.311	0.217	107.187	0.828	0.335	2396	2154	115.201	0.223	1.432	0.699	0.949
421	0.029	4.385	19.344	0.661	0.244	0.151	53.159	0.836	0.266	483	2182	50.440	0.164	1.613	0.620	0.943
422	0.064	17.968	19.369	1.033	0.395	0.207	147.705	0.756	0.416	1995	2164	149.036	0.226	1.909	0.524	0.932
423	0.001	11.147	19.282	0.111	0.043	0.033	45.000	1.000	0.050	1249	2166	45.000	0.036	1.319	0.758	0.933
424	0.085	15.531	19.510	1.258	0.496	0.218	112.637	0.675	0.516	1732	2163	111.251	0.250	2.275	0.440	0.922
425	0.189	3.781	19.573	1.832	0.605	0.398	149.716	0.709	0.651	401	2167	143.915	0.440	1.518	0.659	0.921
426	0.151	13.690	19.534	1.661	0.669	0.288	143.163	0.690	0.670	1505	2174	146.944	0.298	2.319	0.431	0.934
427	0.075	17.062	19.462	1.061	0.372	0.258	26.953	0.841	0.388	1897	2195	31.866	0.271	1.442	0.693	0.947
428	0.069	18.468	19.509	1.054	0.387	0.229	112.210	0.785	0.410	2060	2171	124.380	0.247	1.694	0.590	0.946
429	0.056	14.745	19.450	0.940	0.349	0.205	158.762	0.799	0.371	1637	2171	149.744	0.213	1.699	0.589	0.943
430	7.939E-4	5.867	19.371	0.093	0.040	0.026	116.565	1.000	0.045	657	2172	126.870	0.027	1.551	0.645	0.909
431	0.092	16.216	19.503	1.256	0.456	0.256	159.263	0.730	0.458	1800	2173	142.907	0.281	1.782	0.561	0.910
432	0.092	12.643	19.509	1.188	0.427	0.273	168.368	0.816	0.439	1394	2188	167.093	0.285	1.565	0.639	0.944
433	0.175	6.545	19.544	1.761	0.675	0.329	6.589	0.707	0.692	697	2204	14.931	0.347	2.051	0.488	0.951
434	0.104	11.053	19.556	1.258	0.405	0.327	144.773	0.826	0.426	1220	2183	142.651	0.337	1.236	0.809	0.936
435	0.048	24.464	19.498	0.849	0.279	0.220	91.734	0.841	0.296	2739	2174	111.161	0.223	1.269	0.788	0.946
436	0.142	7.644	19.584	1.556	0.536	0.338	140.797	0.739	0.603	828	2180	141.605	0.372	1.587	0.630	0.934
437	0.093	9.703	19.563	1.238	0.361	0.327	129.707	0.761	0.407	1068	2185	156.801	0.344	1.105	0.905	0.896
438	0.194	8.693	19.620	1.863	0.698	0.354	0.273	0.702	0.743	934	2207	5.505	0.392	1.975	0.506	0.933
439	2.382E-4	14.127	19.473	0.061	0.030	0.010	90.000	0.809	0.028	1585	2184	108.435	0.009	3.000	0.333	1.000
440	0.077	10.279	19.603	1.066	0.365	0.270	8.885	0.854	0.378	1132	2202	15.018	0.276	1.354	0.739	0.948
441	0.083	4.868	19.630	1.108	0.363	0.292	16.311	0.851	0.393	525	2206	13.092	0.303	1.244	0.804	0.949
442	0.097	5.561	19.633	1.341	0.525	0.236	7.794	0.682	0.523	597	2215	13.799	0.258	2.224	0.450	0.921
443	0.090	17.694	19.958	1.156	0.376	0.304	27.751	0.843	0.397	1966	2247	19.654	0.319	1.236	0.809	0.942
444	0.095	22.231	19.991	1.194	0.424	0.285	135.594	0.837	0.428	2474	2231	148.627	0.296	1.489	0.671	0.942
445	0.147	26.802	20.011	1.595	0.573	0.327	0.008	0.727	0.623	2971	2245	170.942	0.339	1.756	0.570	0.942
446	0.106	25.983	20.006	1.338	0.501	0.269	22.974	0.743	0.520	2892	2263	30.964	0.275	1.866	0.536	0.944
447	0.083	24.754	20.000	1.173	0.432	0.244	4.121	0.755	0.432	2755	2237	171.703	0.244	1.772	0.564	0.936
448	0.050	1.132	20.039	0.867	0.317	0.203	171.772	0.844	0.330	111	2241	161.075	0.205	1.564	0.639	0.955
449	3.970E-4	21.355	19.958	0.068	0.028	0.018	161.565	1.000	0.032	2395	2239	146.310	0.018	1.553	0.644	0.909
450	0.158	21.125	20.170	1.694	0.568	0.354	169.293	0.692	0.629	2335	2255	164.389	0.394	1.604	0.623	0.910
451	0.043	2.294	20.123	0.778	0.257	0.212	88.312	0.886	0.265	252	2273	70.346	0.205	1.211	0.826	0.946
452	0.099	4.830	20.158	1.238	0.453	0.278	166.223	0.810	0.463	515	2259	164.358	0.282	1.629	0.614	0.953
453	0.187	12.761	20.252	1.745	0.635	0.374	28.201	0.771	0.665	1399	2291	32.412	0.401	1.697	0.589	0.950
454	0.002	4.370	20.043	0.147	0.053	0.044	134.999	1.000	0.063	488	2247	135.000	0.045	1.202	0.832	0.958
455	0.055	1.641	20.166	0.892	0.290	0.242	108.519	0.871	0.305	180	2248	110.556	0.245	1.202	0.832	0.952
456	0.083	23.086	20.152	1.238	0.486	0.218	170.851	0.682	0.479	2565	2255	161.565	0.237	2.228	0.449	0.902
457	2.382E-4	21.374	20.046	0.050	0.021	0.014	45.000	1.000	0.025	2398	2251	45.000	0.018	1.464	0.683	0.857
458	0.091	19.067	20.151	1.415	0.595	0.194	175.871	0.568	0.609	2106	2256	174.123	0.205	3.071	0.326	0.916
459	0.080	9.371	20.214	1.141	0.388	0.262	16.949	0.773	0.420	1028	2267	176.348	0.276	1.481	0.675	0.923
460	0.071	16.344	20.221	1.020	0.307	0.294	120.014	0.855	0.328	1827	2252	112.380	0.298	1.042	0.960	0.945
461	0.228	2.961	20.295	1.906	0.664	0.438	1.735	0.790	0.677	301	2294	20.821	0.446	1.518	0.659	0.948
462	0.072	5.509	20.205	1.085	0.378	0.243	174.667	0.770	0.421	594	2263	173.928	0.258	1.557	0.642	0.930
463	4.763E-4	11.497	20.095	0.076	0.028	0.022	135.000	1.000	0.032	1289	2254	123.690	0.025	1.291	0.775	0.800
464	0.096	12.094	20.266	1.227	0.366	0.333	166.983	0.799	0.413	1332	2275	166.264	0.354	1.101	0.908	0.930
465	0.088	14.134	20.265	1.305	0.521	0.216	33.785	0.651	0.558	1558	2288	28.610	0.235	2.415	0.414	0.923
466	0.057	14.780	20.290	0.957	0.324	0.222	92.615	0.776	0.360	1661	2256	98.531	0.232	1.458	0.686	0.933
467	0.124	15.524	20.278	1.651	0.638	0.248	13.099	0.573	0.653	1705	2288	14.226	0.272	2.569	0.389	0.877
468	0.106	13.462	20.308	1.389	0.529	0.254	0.232	0.688	0.554	1483	2288	11.129	0.267	2.085	0.480	0.931
469	0.096	23.949	20.335	1.315	0.511	0.240	20.894	0.699	0.542	2658	2295	25.301	0.258	2.131	0.469	0.933
470	0.126	7.802	20.327	1.533	0.607	0.264	6.073	0.673	0.617	842	2289	10.823	0.282	2.300	0.435	0.932
471	0.041	10.715	20.294	0.872	0.355	0.148	18.179	0.681	0.364	1183	2287	21.541	0.163	2.400	0.417	0.923
472	0.079	11.419	20.399	1.094	0.368	0.274	56.237	0.832	0.403	1267	2308	54.904	0.289	1.343	0.745	0.946
473	0.063	4.013	20.346	1.001	0.389	0.205	173.242	0.786	0.390	429	2278	169.461	0.211	1.899	0.527	0.942
474	0.072	10.009	20.443	1.056	0.392	0.234	77.032	0.813	0.414	1114	2316	71.175	0.241	1.671	0.598	0.953
475	0.057	8.629	20.401	0.957	0.329	0.219	57.077	0.776	0.348	958	2305	50.194	0.235	1.506	0.664	0.928
476	0.106	6.842	20.444	1.398	0.552	0.245	161.326	0.684	0.542	738	2286	165.735	0.264	2.248	0.445	0.913
477	0.081	18.455	20.469	1.096	0.386	0.266	67.796	0.844	0.409	2066	2320	73.540	0.271	1.449	0.690	0.954
478	0.003	10.443	20.328	0.205	0.069	0.059	25.453	0.953	0.076	1168	2283	20.556	0.062	1.170	0.855	0.870
479	0.099	6.051	20.450	1.264	0.461	0.274	2.251	0.782	0.470	653	2301	9.819	0.282	1.682	0.594	0.941
480	0.132	17.843	20.582	1.497	0.495	0.340	32.341	0.741	0.551	1973	2324	39.094	0.377	1.457	0.686	0.932
481	0.044	19.628	20.470	0.846	0.291	0.191	16.230	0.769	0.303	2188	2304	13.627	0.207	1.519	0.658	0.905
482	0.069	25.308	20.512	1.007	0.350	0.249	16.383	0.848	0.363	2819	2305	11.310	0.255	1.404	0.712	0.946
483	7.939E-4	23.383	20.404	0.093	0.037	0.028	90.000	1.000	0.040	2623	2288	116.565	0.027	1.327	0.753	0.909
484	0.002	1.562	20.443	0.149	0.050	0.042	11.310	0.943	0.056	172	2294	161.565	0.045	1.183	0.846	0.857
485	3.176E-4	19.941	20.484	0.050	0.020	0.020	0.000	1.000	0.025	2237	2298	135.000	0.018	1.000	1.000	1.000
486	0.002	14.687	20.508	0.167	0.063	0.046	170.031	1.000	0.068	1645	2300	156.801	0.045	1.373	0.728	0.921
487	0.081	20.652	20.744	1.139	0.387	0.267	99.467	0.786	0.405	2319	2350	82.405	0.275	1.449	0.690	0.937
488	0.072	1.086	20.677	1.074	0.383	0.238	174.981	0.779	0.411	102	2312	162.350	0.249	1.611	0.621	0.944
489	0.062	4.529	20.708	0.973	0.313	0.251	29.289	0.819	0.339	491	2334	23.199	0.267	1.244	0.804	0.921
490	0.081	26.230	20.725	1.264	0.484	0.213	168.017	0.636	0.502	2915	2322	163.496	0.229	2.276	0.439	0.899
491	4.763E-4	21.139	20.618	0.068	0.030	0.020	0.000	1.000	0.032	2371	2313	146.310	0.018	1.500	0.667	1.000
492	0.091	3.484	20.902	1.233	0.446	0.260	83.494	0.754	0.476	386	2371	77.005	0.285	1.712	0.584	0.928
493	1.588E-4	11.178	20.672	0.043	0.020	0.010	90.000	1.000	0.020	1254	2319	116.565	0.009	2.000	0.500	1.000
494	0.137	2.713	20.936	1.574	0.596	0.292	58.532	0.693	0.630	284	2381	56.535	0.330	2.040	0.490	0.932
495	2.382E-4	14.525	20.706	0.050	0.021	0.014	135.000	1.000	0.025	1629	2323	135.000	0.018	1.464	0.683	0.857
496	0.087	19.444	20.899	1.265	0.420	0.264	24.412	0.684	0.456	2157	2357	12.407	0.300	1.590	0.629	0.873
497	0.073	1.800	20.859	1.173	0.443	0.209	177.474	0.664	0.468	177	2339	172.333	0.223	2.123	0.471	0.915
498	0.114	22.386	20.920	1.344	0.415	0.349	51.759	0.791	0.474	2497	2367	48.814	0.368	1.191	0.840	0.940
499	0.002	5.763	20.763	0.149	0.055	0.042	19.137	1.000	0.060	644	2332	26.565	0.045	1.314	0.761	0.885
500	0.089	13.039	20.880	1.282	0.493	0.230	12.250	0.681	0.510	1438	2353	16.220	0.237	2.141	0.467	0.930
501	0.060	22.922	20.890	0.946	0.335	0.228	129.875	0.844	0.337	2557	2334	142.524	0.231	1.464	0.683	0.941
502	0.060	6.062	20.894	1.009	0.345	0.220	134.827	0.735	0.372	660	2335	137.911	0.236	1.571	0.637	0.914
503	0.185	10.212	20.991	1.717	0.568	0.415	163.316	0.789	0.622	1111	2347	156.371	0.429	1.368	0.731	0.944
504	0.141	13.885	20.938	1.531	0.532	0.337	160.346	0.756	0.569	1529	2342	162.699	0.372	1.578	0.634	0.934
505	0.037	21.766	20.843	0.817	0.294	0.161	10.159	0.697	0.309	2425	2340	11.634	0.164	1.832	0.546	0.904
506	0.042	16.630	20.864	0.802	0.273	0.194	155.657	0.813	0.296	1850	2335	164.291	0.211	1.407	0.711	0.924
507	3.176E-4	21.465	20.796	0.050	0.020	0.020	0.000	1.000	0.025	2408	2333	135.000	0.018	1.000	1.000	1.000
508	0.057	15.811	20.933	0.904	0.297	0.243	123.342	0.872	0.316	1760	2338	147.653	0.249	1.221	0.819	0.950
509	0.002	17.954	20.819	0.144	0.055	0.040	148.799	1.000	0.060	2012	2335	153.435	0.044	1.361	0.735	0.880
510	0.044	17.249	20.915	0.807	0.279	0.203	33.858	0.856	0.300	1920	2352	22.751	0.210	1.373	0.728	0.940
511	0.090	3.991	21.018	1.242	0.438	0.262	30.528	0.735	0.455	423	2368	30.579	0.267	1.671	0.598	0.918
512	0.083	14.659	20.983	1.148	0.400	0.264	29.384	0.793	0.428	1626	2366	31.373	0.282	1.515	0.660	0.932
513	0.056	9.531	21.002	0.958	0.355	0.202	153.316	0.773	0.387	1051	2348	151.074	0.218	1.756	0.569	0.942
514	0.072	12.272	21.013	1.088	0.366	0.251	159.659	0.764	0.395	1353	2352	165.651	0.279	1.459	0.685	0.934
515	0.155	5.202	21.077	1.686	0.554	0.356	168.472	0.684	0.623	550	2355	160.787	0.406	1.558	0.642	0.891
516	0.057	7.801	21.054	0.934	0.313	0.231	140.096	0.819	0.334	867	2347	124.114	0.235	1.355	0.738	0.941
517	0.059	8.305	21.017	0.970	0.385	0.195	166.491	0.788	0.392	911	2352	162.801	0.203	1.970	0.508	0.953
518	0.025	23.639	21.010	0.577	0.185	0.173	103.295	0.947	0.195	2650	2348	105.945	0.169	1.072	0.933	0.955
519	0.058	7.123	21.104	0.995	0.355	0.208	112.703	0.738	0.372	792	2349	106.699	0.223	1.706	0.586	0.913
520	0.101	24.273	21.127	1.301	0.474	0.272	133.070	0.751	0.494	2702	2357	140.856	0.298	1.741	0.574	0.930
521	0.062	9.092	21.095	0.977	0.325	0.242	156.253	0.815	0.344	1005	2359	143.427	0.265	1.344	0.744	0.925
522	0.052	18.503	21.113	0.887	0.315	0.212	78.993	0.839	0.316	2071	2386	73.610	0.212	1.482	0.675	0.940
523	0.090	10.909	21.168	1.338	0.529	0.218	5.482	0.635	0.539	1193	2382	7.595	0.239	2.431	0.411	0.918
524	0.005	15.400	21.155	0.273	0.108	0.059	35.418	0.844	0.116	1723	2378	32.471	0.067	1.845	0.542	0.875
525	0.067	12.705	21.276	1.035	0.379	0.225	29.275	0.787	0.387	1405	2399	23.025	0.242	1.683	0.594	0.932
526	0.089	21.235	21.326	1.199	0.426	0.267	54.533	0.779	0.437	2365	2408	39.207	0.267	1.595	0.627	0.941
527	0.095	20.516	21.347	1.210	0.403	0.300	157.487	0.815	0.423	2281	2387	161.565	0.299	1.343	0.745	0.938
528	0.130	17.675	21.365	1.406	0.503	0.330	155.668	0.827	0.523	1958	2384	150.376	0.340	1.525	0.656	0.962
529	8.733E-4	6.088	21.212	0.106	0.034	0.033	135.000	0.976	0.040	682	2379	116.565	0.036	1.035	0.966	0.846
530	0.044	6.331	21.327	0.840	0.278	0.200	170.029	0.778	0.294	693	2389	165.964	0.223	1.390	0.720	0.914
531	0.073	11.975	21.392	1.090	0.331	0.281	32.797	0.772	0.358	1339	2420	71.114	0.290	1.177	0.850	0.897
532	0.002	12.968	21.267	0.149	0.054	0.045	70.395	1.000	0.060	1454	2390	63.435	0.045	1.222	0.818	0.906
533	0.005	13.323	21.273	0.283	0.110	0.060	4.975	0.808	0.117	1489	2389	8.746	0.062	1.825	0.548	0.872
534	0.066	19.028	21.374	1.108	0.371	0.226	177.806	0.676	0.398	2117	2388	164.407	0.261	1.641	0.609	0.907
535	0.053	3.964	21.446	0.903	0.326	0.207	93.363	0.816	0.344	440	2389	100.437	0.222	1.576	0.635	0.933
536	0.053	15.048	21.456	0.887	0.295	0.229	100.474	0.849	0.306	1688	2425	81.634	0.232	1.284	0.779	0.934
537	0.075	22.793	21.488	1.097	0.360	0.264	50.522	0.780	0.404	2540	2427	48.576	0.282	1.363	0.734	0.936
538	0.132	16.320	21.485	1.545	0.602	0.279	5.115	0.693	0.619	1797	2419	11.634	0.303	2.160	0.463	0.936
539	0.054	4.814	21.468	0.927	0.325	0.211	2.561	0.788	0.350	520	2408	172.694	0.223	1.542	0.649	0.925
540	0.069	8.438	21.572	1.092	0.372	0.235	63.512	0.723	0.406	939	2440	63.997	0.256	1.580	0.633	0.912
541	0.066	1.050	21.524	1.202	0.462	0.183	25.527	0.578	0.510	90	2428	24.775	0.211	2.525	0.396	0.889
542	0.054	9.049	21.578	0.980	0.351	0.197	71.487	0.712	0.363	1005	2437	65.323	0.223	1.783	0.561	0.908
543	0.071	11.212	21.541	1.057	0.363	0.250	143.084	0.800	0.366	1243	2403	124.077	0.249	1.452	0.689	0.926
544	0.076	7.763	21.595	1.111	0.410	0.237	70.801	0.777	0.448	863	2448	69.044	0.258	1.732	0.577	0.946
545	6.351E-4	8.807	21.423	0.081	0.032	0.026	45.000	1.000	0.038	987	2406	45.000	0.027	1.229	0.814	0.941
546	0.126	10.476	21.670	1.454	0.520	0.309	54.203	0.751	0.562	1156	2457	49.497	0.342	1.682	0.595	0.927
547	0.057	3.324	21.556	0.922	0.315	0.229	175.400	0.835	0.330	354	2415	161.075	0.232	1.376	0.727	0.947
548	0.045	1.731	21.596	0.815	0.281	0.202	93.042	0.842	0.294	188	2409	104.036	0.213	1.389	0.720	0.940
549	0.060	24.702	21.641	1.080	0.442	0.173	34.454	0.646	0.442	2752	2445	41.730	0.188	2.555	0.391	0.911
550	0.101	9.642	21.606	1.548	0.641	0.201	8.746	0.529	0.655	1045	2433	11.768	0.226	3.195	0.313	0.897
551	0.089	14.279	21.668	1.166	0.380	0.297	21.930	0.819	0.400	1582	2444	20.854	0.308	1.282	0.780	0.938
552	0.068	25.481	21.685	1.015	0.367	0.235	86.072	0.826	0.386	2858	2456	83.367	0.248	1.564	0.640	0.947
553	0.007	10.235	21.545	0.306	0.113	0.075	2.846	0.893	0.117	1142	2417	171.254	0.071	1.514	0.660	0.923
554	0.091	6.879	21.671	1.225	0.374	0.310	168.238	0.763	0.421	749	2428	173.928	0.334	1.207	0.829	0.909
555	0.072	23.836	21.684	1.086	0.376	0.243	132.701	0.764	0.406	2659	2417	127.875	0.268	1.550	0.645	0.917
556	0.060	2.412	21.672	0.949	0.279	0.272	118.589	0.831	0.306	254	2433	8.366	0.279	1.028	0.973	0.923
557	0.003	12.810	21.579	0.210	0.073	0.061	17.917	0.996	0.082	1434	2425	40.601	0.062	1.201	0.833	0.907
558	0.077	26.292	21.684	1.092	0.392	0.251	161.766	0.814	0.423	2929	2425	155.056	0.267	1.562	0.640	0.947
559	0.073	6.377	21.758	1.059	0.371	0.250	70.542	0.818	0.388	703	2461	58.134	0.262	1.485	0.674	0.937
560	0.054	18.280	21.711	0.939	0.312	0.221	6.974	0.774	0.336	2032	2438	10.713	0.232	1.411	0.709	0.919
561	0.041	23.158	21.742	0.837	0.331	0.158	37.355	0.737	0.327	2583	2448	29.358	0.162	2.101	0.476	0.913
562	8.733E-4	5.686	21.652	0.101	0.036	0.031	71.565	1.000	0.040	637	2428	116.565	0.036	1.139	0.878	0.815
563	0.070	13.633	21.771	1.046	0.387	0.230	7.871	0.801	0.390	1508	2446	10.539	0.236	1.684	0.594	0.940
564	0.065	21.739	21.754	1.051	0.395	0.208	172.306	0.734	0.403	2417	2437	174.920	0.217	1.899	0.527	0.933
565	0.050	12.439	21.816	0.855	0.297	0.216	64.723	0.865	0.310	1391	2464	71.565	0.232	1.375	0.727	0.946
566	0.084	5.301	21.854	1.102	0.381	0.282	59.405	0.873	0.410	583	2474	62.879	0.296	1.349	0.741	0.962
567	0.124	19.864	21.967	1.421	0.508	0.312	106.314	0.774	0.539	2220	2436	106.336	0.322	1.629	0.614	0.941
568	0.069	11.810	21.953	1.104	0.420	0.207	78.710	0.707	0.419	1319	2486	77.735	0.232	2.027	0.493	0.917
569	0.098	15.800	21.920	1.278	0.476	0.261	153.433	0.751	0.503	1746	2450	157.068	0.287	1.823	0.548	0.934
570	0.058	5.790	21.935	1.018	0.359	0.205	26.020	0.701	0.388	627	2469	31.866	0.219	1.751	0.571	0.916
571	0.079	16.696	21.942	1.105	0.397	0.253	16.967	0.814	0.398	1852	2469	15.593	0.256	1.568	0.638	0.943
572	0.047	4.471	21.945	0.866	0.315	0.189	137.216	0.781	0.337	484	2453	142.524	0.202	1.669	0.599	0.922
573	0.102	9.297	22.112	1.338	0.492	0.264	103.150	0.716	0.521	1034	2454	106.887	0.288	1.864	0.536	0.910
574	0.003	11.357	21.899	0.192	0.064	0.060	149.725	1.000	0.072	1271	2456	150.255	0.062	1.078	0.927	0.905
575	0.044	3.343	22.045	0.910	0.346	0.163	15.329	0.674	0.359	357	2485	23.385	0.175	2.117	0.472	0.897
576	0.126	13.733	22.129	1.457	0.478	0.336	169.274	0.747	0.557	1510	2477	172.648	0.373	1.420	0.704	0.909
577	0.164	0.958	22.199	1.678	0.615	0.339	22.402	0.732	0.646	70	2503	20.186	0.347	1.814	0.551	0.937
578	0.082	7.019	22.096	1.239	0.475	0.220	2.995	0.671	0.485	761	2479	7.386	0.244	2.161	0.463	0.917
579	0.086	20.954	22.206	1.238	0.462	0.237	134.051	0.704	0.483	2336	2469	127.504	0.265	1.949	0.513	0.901
580	0.092	8.707	22.231	1.230	0.452	0.259	104.314	0.763	0.467	970	2469	103.241	0.283	1.747	0.573	0.930
581	0.002	4.877	22.032	0.149	0.050	0.042	101.310	0.943	0.056	546	2470	108.435	0.045	1.183	0.846	0.857
582	0.055	25.227	22.151	0.909	0.302	0.233	136.785	0.842	0.324	2818	2475	142.815	0.244	1.293	0.773	0.935
583	0.087	26.493	22.163	1.189	0.448	0.246	0.003	0.770	0.461	2949	2486	169.992	0.249	1.818	0.550	0.954
584	0.108	15.035	22.196	1.326	0.479	0.288	7.500	0.775	0.500	1659	2496	11.310	0.296	1.663	0.601	0.944
585	0.121	12.123	22.263	1.367	0.485	0.317	39.877	0.811	0.519	1335	2513	34.509	0.333	1.529	0.654	0.953
586	0.060	21.549	22.253	0.993	0.370	0.208	174.782	0.770	0.369	2398	2499	8.326	0.209	1.782	0.561	0.939
587	0.083	2.660	22.308	1.125	0.365	0.288	27.580	0.821	0.381	285	2521	52.595	0.298	1.266	0.790	0.939
588	0.084	8.059	22.367	1.195	0.419	0.254	61.097	0.736	0.448	887	2531	58.841	0.279	1.650	0.606	0.927
589	0.047	3.692	22.273	0.846	0.273	0.221	22.349	0.833	0.293	399	2504	19.537	0.226	1.234	0.810	0.923
590	0.086	24.568	22.313	1.112	0.366	0.300	15.046	0.877	0.378	2741	2517	34.439	0.303	1.219	0.820	0.958
591	0.058	10.916	22.299	0.918	0.320	0.231	30.689	0.866	0.324	1209	2508	20.925	0.239	1.383	0.723	0.953
592	0.076	12.775	22.345	1.081	0.375	0.258	30.189	0.818	0.403	1415	2521	24.864	0.268	1.456	0.687	0.937
593	0.069	17.448	22.315	1.096	0.420	0.209	170.699	0.720	0.444	1932	2501	169.592	0.227	2.013	0.497	0.938
594	0.085	23.309	22.404	1.238	0.459	0.237	133.561	0.700	0.478	2595	2497	143.344	0.265	1.938	0.516	0.903
595	0.070	6.237	22.427	1.096	0.426	0.210	69.736	0.734	0.452	690	2541	67.989	0.230	2.035	0.491	0.944
596	0.067	25.868	22.389	1.021	0.326	0.261	64.743	0.806	0.358	2895	2531	55.125	0.267	1.251	0.799	0.938
597	0.003	3.926	22.297	0.192	0.064	0.058	63.925	1.000	0.072	439	2506	60.255	0.062	1.104	0.906	0.892
598	0.066	4.176	22.394	0.978	0.337	0.250	19.734	0.870	0.347	451	2520	25.907	0.255	1.351	0.740	0.955
599	0.041	10.478	22.389	0.797	0.237	0.221	130.921	0.811	0.264	1163	2506	147.381	0.232	1.071	0.934	0.917
600	0.002	18.180	22.299	0.131	0.047	0.041	135.000	1.000	0.052	2039	2500	120.964	0.044	1.161	0.861	0.884
601	0.054	18.514	22.443	0.899	0.322	0.215	79.232	0.844	0.338	2075	2538	71.565	0.214	1.502	0.666	0.953
602	0.092	19.578	22.546	1.262	0.413	0.283	100.365	0.722	0.463	2192	2504	112.620	0.306	1.460	0.685	0.913
603	0.063	7.363	22.501	0.997	0.329	0.243	64.410	0.795	0.355	822	2544	72.474	0.259	1.352	0.740	0.925
604	0.042	22.015	22.476	0.818	0.260	0.207	72.358	0.791	0.287	2460	2533	53.842	0.213	1.256	0.796	0.929
605	0.070	9.626	22.503	1.030	0.352	0.255	53.059	0.834	0.367	1065	2538	39.094	0.255	1.381	0.724	0.942
606	0.096	4.730	22.541	1.322	0.528	0.231	136.321	0.689	0.535	505	2514	143.130	0.244	2.281	0.438	0.921
607	0.089	16.250	22.499	1.206	0.463	0.246	169.070	0.772	0.479	1798	2521	170.362	0.258	1.882	0.531	0.950
608	0.056	11.431	22.544	0.954	0.353	0.202	61.455	0.773	0.371	1271	2546	59.744	0.211	1.749	0.572	0.930
609	7.939E-4	11.164	22.391	0.101	0.036	0.028	71.565	0.982	0.040	1252	2511	116.565	0.032	1.316	0.760	0.769
610	0.097	19.030	22.575	1.278	0.397	0.310	81.731	0.744	0.435	2130	2558	74.539	0.323	1.281	0.781	0.906
611	0.064	22.546	22.580	1.062	0.337	0.240	135.788	0.709	0.403	2517	2515	135.000	0.271	1.404	0.712	0.902
612	0.057	2.200	22.620	0.919	0.313	0.233	49.764	0.854	0.337	232	2549	37.476	0.246	1.344	0.744	0.943
613	0.112	5.620	22.613	1.522	0.564	0.253	7.781	0.607	0.584	596	2545	15.945	0.285	2.234	0.448	0.885
614	0.049	3.592	22.616	0.845	0.292	0.212	156.399	0.856	0.310	386	2532	161.565	0.222	1.377	0.726	0.932
615	0.065	20.009	22.661	0.979	0.336	0.245	125.302	0.846	0.344	2233	2530	126.573	0.251	1.370	0.730	0.934
616	0.002	18.210	22.590	0.162	0.059	0.041	75.462	0.916	0.065	2043	2539	74.055	0.045	1.412	0.708	0.857
617	0.056	26.633	22.691	0.889	0.278	0.255	137.058	0.885	0.298	2973	2539	141.072	0.262	1.093	0.915	0.946
618	0.078	8.942	22.709	1.123	0.400	0.248	165.566	0.775	0.415	984	2540	157.286	0.261	1.615	0.619	0.928
619	0.112	0.876	22.745	1.359	0.508	0.281	23.156	0.761	0.525	72	2564	20.898	0.300	1.809	0.553	0.937
620	0.067	13.906	22.759	1.004	0.331	0.258	89.376	0.835	0.344	1552	2539	121.218	0.249	1.282	0.780	0.951
621	0.068	14.346	22.775	1.022	0.385	0.225	45.315	0.819	0.387	1594	2570	38.454	0.239	1.707	0.586	0.941
622	0.062	18.060	22.864	1.033	0.373	0.212	114.842	0.730	0.373	2015	2547	130.156	0.231	1.763	0.567	0.914
623	0.040	9.355	22.857	0.783	0.266	0.189	115.940	0.811	0.287	1041	2551	126.158	0.211	1.402	0.713	0.931
624	0.062	8.442	22.886	1.005	0.348	0.226	65.879	0.767	0.371	940	2589	65.898	0.238	1.538	0.650	0.928
625	0.103	12.950	22.906	1.269	0.400	0.329	120.060	0.806	0.431	1433	2556	141.710	0.329	1.218	0.821	0.940
626	0.133	7.371	22.936	1.438	0.456	0.371	5.064	0.808	0.495	799	2577	8.276	0.392	1.228	0.814	0.930
627	0.001	4.743	22.767	0.113	0.042	0.033	155.642	1.000	0.048	530	2554	158.199	0.036	1.264	0.791	0.848
628	0.064	17.303	22.892	0.960	0.335	0.244	157.671	0.876	0.341	1924	2564	160.145	0.253	1.373	0.729	0.954
629	0.050	6.412	22.878	0.851	0.291	0.218	161.874	0.865	0.302	705	2560	145.840	0.232	1.330	0.752	0.937
630	0.070	4.329	22.926	1.018	0.342	0.259	19.837	0.844	0.350	467	2580	14.744	0.273	1.319	0.758	0.942
631	0.061	11.546	22.935	1.007	0.310	0.251	56.209	0.758	0.341	1284	2587	49.236	0.277	1.232	0.811	0.901
632	0.056	10.193	22.898	0.991	0.376	0.189	13.484	0.714	0.391	1124	2577	24.228	0.195	1.984	0.504	0.918
633	0.083	15.155	22.996	1.108	0.365	0.290	134.579	0.849	0.381	1682	2573	147.426	0.302	1.259	0.794	0.941
634	0.059	23.677	22.923	1.033	0.394	0.189	171.623	0.689	0.411	2633	2567	167.471	0.204	2.080	0.481	0.922
635	0.077	20.908	23.088	1.142	0.413	0.236	61.642	0.738	0.447	2333	2613	66.501	0.261	1.747	0.572	0.935
636	0.065	11.092	23.101	1.056	0.322	0.255	23.132	0.728	0.354	1230	2604	49.086	0.286	1.262	0.792	0.883
637	0.039	5.865	23.074	0.767	0.282	0.178	48.775	0.841	0.292	649	2604	52.431	0.192	1.582	0.632	0.937
638	0.096	1.536	23.174	1.278	0.455	0.268	53.111	0.738	0.512	155	2622	49.939	0.293	1.694	0.590	0.940
639	0.060	22.052	23.076	1.038	0.377	0.204	171.212	0.704	0.409	2450	2584	168.690	0.232	1.854	0.539	0.912
640	0.088	12.207	23.201	1.258	0.490	0.229	117.181	0.700	0.507	1353	2580	120.619	0.248	2.136	0.468	0.930
641	0.115	14.788	23.188	1.390	0.482	0.304	122.831	0.749	0.515	1645	2580	120.114	0.346	1.583	0.632	0.935
642	0.068	16.809	23.127	1.009	0.366	0.237	153.340	0.840	0.379	1867	2587	156.448	0.250	1.542	0.649	0.948
643	0.061	15.925	23.169	0.919	0.311	0.250	84.941	0.911	0.318	1782	2618	72.072	0.249	1.243	0.804	0.958
644	0.002	9.391	23.046	0.144	0.053	0.038	46.301	0.965	0.060	1051	2588	26.565	0.044	1.383	0.723	0.833
645	0.060	19.745	23.187	1.007	0.372	0.207	134.143	0.747	0.396	2199	2588	144.162	0.221	1.799	0.556	0.914
646	0.059	20.333	23.169	0.967	0.323	0.233	155.813	0.793	0.363	2266	2590	152.176	0.255	1.391	0.719	0.927
647	0.071	25.939	23.219	1.091	0.400	0.225	57.073	0.747	0.426	2900	2626	52.651	0.249	1.778	0.563	0.929
648	0.002	19.397	23.096	0.172	0.062	0.049	138.690	1.000	0.070	2175	2589	129.806	0.053	1.268	0.789	0.923
649	0.103	2.606	23.222	1.331	0.502	0.262	163.720	0.732	0.527	265	2594	156.038	0.274	1.920	0.521	0.943
650	0.064	22.880	23.211	1.056	0.396	0.205	8.931	0.718	0.406	2548	2614	19.231	0.226	1.936	0.516	0.912
651	0.056	6.511	23.238	0.973	0.351	0.204	1.633	0.748	0.365	710	2610	12.680	0.223	1.720	0.581	0.924
652	0.082	21.541	23.330	1.170	0.440	0.236	123.562	0.749	0.465	2401	2598	122.471	0.265	1.867	0.536	0.937
653	0.082	8.190	23.340	1.185	0.407	0.258	55.875	0.736	0.430	899	2633	39.958	0.278	1.579	0.633	0.908
654	0.106	18.927	23.308	1.292	0.456	0.296	13.554	0.799	0.496	2097	2627	21.038	0.312	1.540	0.649	0.944
655	0.073	24.931	23.283	1.076	0.396	0.234	8.651	0.790	0.403	2775	2610	173.660	0.240	1.689	0.592	0.939
656	3.176E-4	21.162	23.229	0.050	0.020	0.020	0.000	1.000	0.025	2374	2606	135.000	0.018	1.000	1.000	1.000
657	0.050	24.240	23.333	0.952	0.360	0.177	155.193	0.695	0.364	2700	2614	158.459	0.187	2.031	0.492	0.900
658	0.056	6.166	23.388	0.934	0.321	0.222	121.868	0.806	0.344	683	2608	121.218	0.244	1.442	0.694	0.929
659	0.042	10.797	23.357	0.818	0.275	0.197	38.236	0.797	0.314	1195	2630	34.592	0.215	1.397	0.716	0.939
660	0.101	10.249	23.442	1.265	0.419	0.306	128.465	0.790	0.437	1139	2609	129.207	0.324	1.368	0.731	0.924
661	0.049	7.028	23.382	0.831	0.276	0.225	52.897	0.886	0.292	776	2634	37.569	0.239	1.228	0.814	0.956
662	0.009	25.334	23.299	0.362	0.142	0.079	161.251	0.837	0.147	2836	2611	154.983	0.084	1.804	0.554	0.902
663	0.106	4.007	23.435	1.482	0.589	0.230	9.156	0.608	0.608	414	2635	10.981	0.244	2.564	0.390	0.915
664	0.062	9.096	23.454	1.035	0.366	0.216	33.671	0.728	0.399	1001	2647	23.703	0.235	1.693	0.591	0.928
665	0.058	5.341	23.489	0.946	0.309	0.239	93.937	0.813	0.334	594	2654	80.789	0.254	1.292	0.774	0.939
666	6.351E-4	22.403	23.341	0.081	0.032	0.026	135.000	1.000	0.038	2513	2618	135.000	0.027	1.229	0.814	0.941
667	0.084	0.687	23.517	1.261	0.430	0.247	131.952	0.661	0.468	58	2622	139.635	0.281	1.740	0.575	0.887
668	0.076	1.939	23.549	1.108	0.414	0.233	136.060	0.774	0.424	198	2630	140.964	0.244	1.779	0.562	0.934
669	1.588E-4	14.279	23.407	0.043	0.020	0.010	90.000	1.000	0.020	1602	2626	116.565	0.009	2.000	0.500	1.000
670	0.090	7.333	23.576	1.179	0.430	0.266	31.154	0.812	0.429	801	2657	20.695	0.268	1.615	0.619	0.946
671	0.113	14.115	23.584	1.623	0.611	0.235	179.223	0.538	0.634	1550	2651	3.225	0.267	2.600	0.385	0.864
672	0.072	17.101	23.573	1.073	0.378	0.243	172.946	0.789	0.409	1896	2646	168.690	0.257	1.554	0.644	0.937
673	4.763E-4	16.314	23.483	0.068	0.030	0.020	90.000	1.000	0.032	1830	2634	123.690	0.018	1.500	0.667	1.000
674	3.970E-4	16.034	23.500	0.076	0.022	0.022	0.000	0.873	0.028	1799	2636	108.435	0.025	1.000	1.000	0.714
675	5.557E-4	15.680	23.509	0.081	0.028	0.026	90.000	1.000	0.032	1759	2637	123.690	0.027	1.069	0.936	0.875
676	0.063	20.613	23.690	0.998	0.376	0.215	99.093	0.800	0.381	2311	2638	100.784	0.220	1.750	0.571	0.944
677	0.074	23.579	23.671	1.084	0.369	0.254	89.132	0.788	0.395	2639	2638	104.349	0.275	1.453	0.688	0.932
678	0.062	9.707	23.686	0.977	0.345	0.230	67.089	0.821	0.369	1085	2679	70.253	0.239	1.497	0.668	0.941
679	0.130	12.761	23.703	1.511	0.533	0.310	2.832	0.715	0.594	1401	2671	7.765	0.321	1.717	0.583	0.941
680	0.087	6.489	23.698	1.165	0.420	0.263	4.236	0.805	0.440	705	2666	6.981	0.276	1.594	0.627	0.942
681	0.187	19.665	23.827	1.706	0.593	0.402	57.730	0.809	0.611	2194	2707	66.801	0.422	1.473	0.679	0.957
682	0.090	5.682	23.775	1.297	0.461	0.248	47.815	0.673	0.519	617	2690	50.572	0.287	1.856	0.539	0.924
683	0.002	21.820	23.609	0.172	0.061	0.049	37.323	1.000	0.070	2446	2652	39.806	0.053	1.243	0.805	0.923
684	0.049	22.026	23.720	0.851	0.295	0.209	2.143	0.842	0.309	2456	2669	11.634	0.214	1.411	0.709	0.947
685	0.075	17.661	23.753	1.139	0.369	0.259	17.692	0.727	0.409	1961	2667	11.310	0.295	1.427	0.701	0.886
686	0.063	16.669	23.749	0.998	0.339	0.236	12.950	0.793	0.352	1852	2673	20.726	0.258	1.435	0.697	0.914
687	0.057	11.462	23.741	0.975	0.369	0.196	163.977	0.750	0.394	1265	2656	161.565	0.211	1.882	0.531	0.924
688	0.044	18.278	23.763	0.850	0.243	0.231	82.340	0.766	0.285	2052	2683	75.530	0.251	1.055	0.948	0.908
689	0.042	1.182	23.737	0.791	0.287	0.184	168.468	0.834	0.289	119	2655	146.310	0.185	1.563	0.640	0.949
690	0.134	8.668	23.908	1.689	0.477	0.358	53.470	0.590	0.525	948	2702	40.179	0.416	1.333	0.750	0.823
691	0.049	3.357	23.775	0.883	0.286	0.219	35.614	0.791	0.317	365	2683	38.157	0.236	1.308	0.765	0.927
692	0.049	16.080	23.819	0.916	0.355	0.176	118.516	0.734	0.358	1794	2656	124.875	0.191	2.016	0.496	0.911
693	0.067	2.444	23.853	1.071	0.403	0.212	153.702	0.736	0.430	252	2669	152.904	0.237	1.902	0.526	0.924
694	0.002	9.064	23.741	0.154	0.057	0.044	27.031	1.000	0.064	1014	2666	33.690	0.045	1.293	0.773	0.926
695	0.091	15.669	23.967	1.202	0.452	0.255	62.324	0.788	0.463	1748	2714	67.380	0.258	1.771	0.565	0.947
696	0.065	0.621	23.925	1.061	0.338	0.245	109.803	0.727	0.376	61	2668	112.306	0.258	1.379	0.725	0.895
697	0.076	7.794	23.997	1.103	0.380	0.253	138.164	0.782	0.404	858	2677	131.424	0.262	1.502	0.666	0.919
698	0.077	3.685	24.046	1.083	0.387	0.253	98.246	0.823	0.386	406	2678	108.853	0.256	1.530	0.653	0.944
699	0.098	13.325	24.084	1.214	0.370	0.338	2.537	0.839	0.413	1471	2707	13.736	0.342	1.095	0.913	0.942
700	0.080	4.095	24.034	1.131	0.403	0.252	158.937	0.783	0.427	436	2690	151.294	0.277	1.601	0.625	0.948
701	0.057	10.945	24.085	0.931	0.316	0.227	57.847	0.820	0.336	1220	2721	57.995	0.235	1.391	0.719	0.931
702	0.100	14.629	24.128	1.231	0.408	0.312	22.083	0.828	0.437	1617	2712	11.768	0.322	1.309	0.764	0.946
703	0.039	10.419	24.091	0.768	0.267	0.185	29.197	0.826	0.289	1155	2712	33.690	0.192	1.446	0.692	0.933
704	0.069	12.637	24.180	1.101	0.363	0.241	152.103	0.712	0.404	1397	2703	157.964	0.271	1.508	0.663	0.877
705	0.059	26.537	24.148	1.054	0.374	0.200	1.943	0.663	0.403	2953	2708	173.660	0.213	1.871	0.534	0.897
706	0.068	6.920	24.183	1.031	0.365	0.237	176.653	0.802	0.365	757	2717	12.680	0.251	1.539	0.650	0.943
707	0.067	4.440	24.258	1.081	0.382	0.223	171.701	0.721	0.407	476	2721	169.919	0.243	1.714	0.583	0.915
708	0.073	25.576	24.285	1.103	0.402	0.233	158.086	0.758	0.410	2852	2713	145.620	0.238	1.726	0.579	0.938
709	0.061	13.873	24.282	0.952	0.318	0.243	156.223	0.842	0.333	1538	2721	164.476	0.258	1.308	0.764	0.933
710	0.053	23.916	24.279	0.899	0.322	0.211	163.197	0.828	0.333	2667	2719	159.624	0.219	1.525	0.656	0.937
711	0.077	24.660	24.306	1.104	0.384	0.255	174.165	0.793	0.409	2746	2722	168.690	0.270	1.508	0.663	0.923
712	0.076	11.566	24.337	1.231	0.389	0.250	2.995	0.633	0.417	1275	2739	16.113	0.285	1.556	0.643	0.879
713	0.101	22.864	24.437	1.323	0.473	0.272	119.945	0.725	0.499	2550	2716	124.824	0.296	1.742	0.574	0.909
714	0.059	5.125	24.318	0.954	0.340	0.220	157.575	0.810	0.366	555	2721	161.565	0.243	1.546	0.647	0.937
715	0.076	9.812	24.381	1.064	0.389	0.248	137.688	0.840	0.395	1083	2724	151.699	0.249	1.567	0.638	0.943
716	0.004	10.618	24.269	0.222	0.078	0.059	44.026	0.927	0.084	1188	2727	32.005	0.068	1.315	0.761	0.885
717	0.075	21.376	24.473	1.183	0.471	0.203	81.566	0.673	0.484	2391	2775	77.242	0.220	2.327	0.430	0.920
718	0.049	5.762	24.445	0.857	0.313	0.201	95.962	0.846	0.332	644	2726	96.170	0.211	1.559	0.641	0.941
719	0.060	22.079	24.416	0.982	0.370	0.206	154.479	0.782	0.387	2457	2733	151.074	0.215	1.794	0.557	0.941
720	0.139	18.773	24.503	1.970	0.536	0.331	157.238	0.452	0.590	2075	2741	174.806	0.401	1.618	0.618	0.806
721	0.059	20.001	24.483	0.982	0.361	0.208	71.970	0.767	0.375	2237	2768	71.996	0.231	1.741	0.575	0.910
722	0.077	2.027	24.534	1.079	0.349	0.279	90.182	0.828	0.371	228	2773	80.311	0.294	1.251	0.799	0.939
723	0.062	12.139	24.486	1.030	0.397	0.199	25.202	0.734	0.415	1343	2758	22.714	0.222	1.995	0.501	0.927
724	0.090	18.071	24.574	1.259	0.409	0.280	35.332	0.713	0.471	2001	2766	18.778	0.296	1.461	0.684	0.898
725	0.059	2.888	24.578	1.031	0.349	0.216	110.986	0.698	0.384	311	2741	120.735	0.245	1.617	0.618	0.902
726	0.057	7.935	24.574	0.914	0.293	0.247	120.637	0.855	0.303	878	2746	137.386	0.244	1.188	0.842	0.938
727	0.076	17.067	24.690	1.142	0.425	0.227	83.728	0.733	0.449	1912	2796	83.157	0.249	1.871	0.534	0.938
728	0.061	20.711	24.581	1.066	0.417	0.185	174.384	0.672	0.439	2301	2756	174.174	0.197	2.247	0.445	0.919
729	0.108	6.473	24.761	1.478	0.590	0.233	60.490	0.622	0.618	709	2810	56.768	0.266	2.527	0.396	0.904
730	0.060	16.305	24.728	1.015	0.373	0.203	56.496	0.727	0.394	1816	2792	52.352	0.219	1.831	0.546	0.923
731	0.118	13.551	24.763	1.806	0.572	0.262	27.785	0.454	0.579	1490	2783	14.250	0.318	2.182	0.458	0.830
732	0.058	8.458	24.702	0.966	0.312	0.237	171.297	0.781	0.342	928	2772	7.496	0.250	1.316	0.760	0.920
733	0.068	10.632	24.786	1.045	0.386	0.223	147.587	0.778	0.391	1174	2770	138.691	0.231	1.728	0.579	0.930
734	0.084	15.583	24.808	1.122	0.384	0.279	158.945	0.842	0.400	1730	2771	159.146	0.290	1.376	0.727	0.955
735	0.085	14.950	24.796	1.222	0.468	0.230	17.153	0.713	0.489	1651	2786	10.491	0.255	2.033	0.492	0.918
736	0.066	13.057	24.848	1.013	0.335	0.253	57.208	0.814	0.367	1454	2807	60.945	0.268	1.324	0.755	0.933
737	0.060	11.129	24.825	0.996	0.345	0.220	177.125	0.756	0.366	1229	2778	161.565	0.230	1.566	0.638	0.906
738	0.073	4.787	24.916	1.056	0.351	0.266	29.458	0.826	0.371	522	2809	35.218	0.284	1.322	0.757	0.938
739	0.059	7.747	24.929	0.939	0.285	0.263	93.834	0.839	0.316	868	2816	73.610	0.276	1.082	0.924	0.932
740	0.068	7.327	24.973	1.032	0.304	0.285	158.034	0.804	0.339	804	2798	166.329	0.295	1.067	0.937	0.921
741	0.107	9.739	25.036	1.389	0.494	0.275	161.742	0.695	0.526	1062	2800	169.261	0.301	1.798	0.556	0.916
742	0.062	4.026	25.124	0.996	0.361	0.221	92.597	0.792	0.358	443	2801	108.886	0.223	1.634	0.612	0.928
