 	Area	X	Y	Perim.	Major	Minor	Angle	Circ.	Feret	FeretX	FeretY	FeretAngle	MinFeret	AR	Round	Solidity
1	1.854	26.525	1.814	6.139	2.275	1.038	123.252	0.618	2.272	2968	133	131.760	1.102	2.193	0.456	0.927
2	2.043	5.471	1.635	6.522	2.265	1.148	8.060	0.604	2.412	488	211	175.270	1.263	1.972	0.507	0.949
3	1.278	18.545	1.740	5.351	2.028	0.803	128.668	0.561	2.082	2111	103	120.719	0.914	2.526	0.396	0.931
4	2.001	12.764	1.804	5.972	1.719	1.482	95.302	0.705	1.827	1492	111	93.255	1.554	1.160	0.862	0.932
5	0.887	28.962	1.707	3.911	1.305	0.865	86.218	0.728	1.378	3323	130	107.526	0.868	1.508	0.663	0.959
6	2.021	2.191	2.058	6.103	1.824	1.411	158.432	0.682	1.973	141	266	9.586	1.383	1.293	0.773	0.955
7	1.582	21.624	1.982	5.434	1.589	1.268	173.874	0.673	1.761	2416	186	144.593	1.409	1.253	0.798	0.930
8	0.758	9.015	1.880	4.222	1.800	0.536	152.595	0.535	1.692	954	188	160.917	0.549	3.355	0.298	0.939
9	1.078	23.967	2.025	4.346	1.287	1.066	55.515	0.717	1.456	2695	263	29.914	1.045	1.208	0.828	0.952
10	1.379	15.937	2.280	4.857	1.433	1.226	114.505	0.735	1.584	1827	353	73.840	1.146	1.169	0.856	0.959
11	2.990E-4	10.651	2.135	0.049	0.020	0.020	0.000	1.000	0.024	1231	246	135.000	0.017	1.000	1.000	1.000
12	0.001	17.663	2.572	0.125	0.048	0.035	66.891	1.000	0.055	2041	300	51.340	0.035	1.362	0.734	0.947
13	4.485E-4	2.635	2.761	0.078	0.025	0.023	153.435	0.916	0.031	304	318	123.690	0.026	1.124	0.890	0.800
14	4.485E-4	16.798	2.823	0.066	0.029	0.020	90.000	1.000	0.031	1942	325	123.690	0.017	1.500	0.667	1.000
15	0.828	9.388	4.220	4.191	1.674	0.630	28.252	0.593	1.698	988	535	25.652	0.666	2.658	0.376	0.954
16	0.845	21.068	4.264	3.928	1.353	0.796	176.212	0.688	1.452	2366	457	160.163	0.809	1.700	0.588	0.956
17	0.772	4.673	4.618	3.587	1.245	0.789	71.715	0.754	1.264	526	604	82.535	0.806	1.578	0.634	0.945
18	0.730	23.698	4.651	3.810	1.239	0.750	106.965	0.631	1.377	2705	464	114.474	0.834	1.653	0.605	0.924
19	0.746	2.222	4.547	3.499	1.068	0.889	18.722	0.766	1.173	189	513	174.079	0.851	1.201	0.833	0.958
20	0.982	15.615	4.549	4.499	1.745	0.716	159.924	0.609	1.714	1711	488	168.067	0.715	2.436	0.411	0.945
21	0.800	26.284	4.801	3.796	1.388	0.734	127.552	0.698	1.394	2971	515	150.255	0.724	1.891	0.529	0.954
22	0.199	18.783	4.357	2.095	0.877	0.289	179.753	0.571	0.893	2120	504	176.112	0.294	3.032	0.330	0.938
23	0.721	6.801	4.624	3.828	1.506	0.610	22.863	0.618	1.525	705	556	15.455	0.650	2.468	0.405	0.948
24	0.853	12.587	4.652	4.109	1.563	0.695	166.435	0.635	1.569	1372	499	162.364	0.738	2.250	0.445	0.941
25	0.001	25.794	4.673	0.157	0.071	0.027	122.063	0.764	0.074	2981	537	125.538	0.034	2.675	0.374	0.816
26	0.492	29.183	5.062	2.807	0.898	0.697	165.629	0.784	0.928	3324	590	9.111	0.746	1.288	0.776	0.936
27	7.475E-5	14.797	4.759	0.024	0.010	0.010	0.000	1.000	0.012	1711	550	135.000	0.009	1.000	1.000	1.000
28	4.485E-4	6.830	5.157	0.066	0.029	0.020	90.000	1.000	0.031	789	595	123.690	0.017	1.500	0.667	1.000
29	0.779	21.981	6.306	4.041	1.660	0.598	128.173	0.600	1.606	2492	649	121.122	0.647	2.776	0.360	0.900
30	0.376	12.681	6.395	2.883	1.164	0.411	100.604	0.569	1.199	1446	671	101.229	0.458	2.829	0.353	0.930
31	0.483	17.419	6.268	2.831	0.844	0.728	7.140	0.757	0.946	1968	702	167.869	0.793	1.159	0.863	0.942
32	0.701	27.647	6.511	3.729	1.216	0.734	159.103	0.634	1.355	3128	731	169.335	0.773	1.657	0.604	0.902
33	0.517	14.730	6.406	3.082	1.111	0.592	19.664	0.684	1.170	1639	776	18.970	0.624	1.875	0.533	0.949
34	0.393	19.696	6.390	2.515	0.754	0.664	137.536	0.780	0.844	2247	695	127.926	0.677	1.136	0.880	0.955
35	0.559	4.616	6.591	3.175	0.971	0.733	25.595	0.697	1.055	471	793	37.340	0.836	1.324	0.755	0.932
36	0.861	9.639	6.782	3.957	1.337	0.820	43.555	0.691	1.409	1036	825	23.891	0.841	1.631	0.613	0.924
37	0.342	24.788	6.573	2.470	0.832	0.523	141.983	0.704	0.891	2818	743	157.166	0.534	1.589	0.629	0.923
38	0.743	6.809	6.663	3.648	1.264	0.748	165.391	0.701	1.300	729	727	151.390	0.764	1.690	0.592	0.952
39	1.039	2.308	7.268	5.124	2.027	0.652	23.171	0.497	2.021	164	852	17.427	0.739	3.106	0.322	0.930
40	2.990E-4	4.478	6.942	0.049	0.020	0.020	0.000	1.000	0.024	517	802	135.000	0.017	1.000	1.000	1.000
41	2.990E-4	11.179	7.176	0.049	0.020	0.020	0.000	1.000	0.024	1292	829	135.000	0.017	1.000	1.000	1.000
42	0.235	21.125	7.654	2.363	0.926	0.324	120.300	0.530	0.908	2409	847	130.365	0.368	2.859	0.350	0.876
43	0.262	16.190	7.739	2.318	0.927	0.359	22.546	0.612	0.893	1824	917	31.535	0.399	2.581	0.388	0.906
44	0.866	11.136	8.084	3.807	1.152	0.957	120.944	0.751	1.281	1233	885	144.058	0.936	1.204	0.831	0.953
45	0.470	18.576	7.837	2.757	0.954	0.627	170.986	0.777	0.978	2095	884	154.341	0.643	1.522	0.657	0.959
46	0.597	23.506	7.891	3.439	1.280	0.593	173.912	0.634	1.256	2643	889	164.434	0.593	2.158	0.463	0.942
47	0.336	28.416	8.116	2.709	1.029	0.416	141.444	0.575	1.117	3237	895	146.679	0.424	2.477	0.404	0.917
48	0.531	13.692	8.006	3.249	1.229	0.550	178.859	0.632	1.255	1507	933	9.917	0.597	2.236	0.447	0.942
49	0.102	25.906	8.155	1.436	0.549	0.236	146.006	0.621	0.564	2976	920	144.360	0.249	2.327	0.430	0.909
50	0.328	8.284	8.378	2.439	0.762	0.548	153.727	0.692	0.816	938	926	118.465	0.537	1.390	0.719	0.918
51	0.175	6.070	8.344	1.879	0.761	0.293	21.456	0.623	0.747	664	984	28.346	0.313	2.600	0.385	0.917
52	0.107	4.364	8.538	1.613	0.698	0.195	166.877	0.516	0.702	465	977	166.477	0.210	3.581	0.279	0.929
53	0.701	2.301	8.942	3.385	1.213	0.736	2.069	0.769	1.190	203	1054	16.460	0.709	1.648	0.607	0.968
54	0.614	21.164	9.312	3.479	1.337	0.584	106.440	0.637	1.347	2417	1007	114.261	0.636	2.287	0.437	0.921
55	0.536	16.034	9.402	3.144	1.215	0.562	112.918	0.682	1.260	1837	1021	112.166	0.589	2.161	0.463	0.956
56	2.242E-4	13.039	8.932	0.049	0.020	0.014	45.000	1.000	0.024	1507	1034	45.000	0.017	1.464	0.683	0.857
57	0.737	18.421	9.395	3.718	1.369	0.685	162.814	0.670	1.404	2062	1044	154.855	0.713	1.998	0.501	0.944
58	0.337	27.591	9.483	2.487	0.841	0.510	139.081	0.685	0.862	3178	1050	116.822	0.551	1.647	0.607	0.907
59	0.392	23.278	9.393	2.736	0.932	0.536	178.422	0.658	0.975	2642	1106	24.066	0.511	1.740	0.575	0.922
60	0.330	25.503	9.428	2.391	0.828	0.507	166.569	0.725	0.814	2914	1058	138.013	0.496	1.633	0.612	0.936
61	0.101	26.411	9.437	1.300	0.459	0.281	47.701	0.751	0.493	3032	1110	37.875	0.283	1.635	0.612	0.935
62	0.557	11.313	9.840	3.038	0.989	0.718	59.563	0.759	1.102	1261	1182	48.180	0.763	1.378	0.726	0.950
63	0.421	28.996	9.738	2.810	1.014	0.528	157.314	0.669	1.052	3299	1088	141.340	0.543	1.920	0.521	0.941
64	0.161	13.405	9.724	1.726	0.661	0.310	166.223	0.678	0.700	1515	1107	159.775	0.333	2.132	0.469	0.951
65	0.465	8.796	9.931	2.749	0.891	0.665	173.561	0.774	0.967	962	1137	164.970	0.716	1.340	0.746	0.944
66	0.561	6.852	10.111	2.915	0.895	0.799	18.624	0.830	0.925	774	1217	66.309	0.782	1.120	0.893	0.967
67	0.347	25.650	10.384	2.431	0.712	0.621	24.879	0.738	0.820	2926	1221	37.716	0.652	1.146	0.872	0.944
68	0.262	4.483	10.407	2.063	0.659	0.505	172.608	0.773	0.687	481	1207	6.499	0.536	1.305	0.766	0.941
69	0.329	27.868	10.478	2.250	0.711	0.589	23.611	0.817	0.768	3189	1236	39.063	0.612	1.206	0.829	0.958
70	0.331	20.501	10.681	2.602	1.046	0.403	130.179	0.614	1.028	2334	1187	128.509	0.422	2.596	0.385	0.906
71	0.317	23.702	10.614	2.372	0.771	0.524	124.746	0.709	0.831	2734	1186	108.812	0.579	1.471	0.680	0.918
72	0.316	16.454	10.709	2.320	0.783	0.514	48.916	0.738	0.820	1874	1277	42.436	0.559	1.522	0.657	0.940
73	0.264	17.873	10.809	2.352	0.890	0.378	140.293	0.600	0.893	2028	1210	137.353	0.418	2.356	0.424	0.867
74	0.165	2.272	10.754	1.730	0.663	0.316	15.679	0.691	0.667	229	1259	16.557	0.331	2.098	0.477	0.942
75	0.298	15.139	10.948	2.221	0.691	0.549	31.187	0.759	0.722	1733	1308	71.131	0.547	1.257	0.795	0.944
76	0.187	26.568	11.148	2.194	0.594	0.401	68.337	0.488	0.645	3042	1318	57.588	0.476	1.481	0.675	0.784
77	0.178	12.270	11.133	1.658	0.548	0.413	64.316	0.812	0.607	1406	1320	72.597	0.415	1.328	0.753	0.955
78	0.270	9.759	11.385	2.426	0.945	0.363	103.278	0.576	1.033	1120	1257	101.592	0.393	2.603	0.384	0.938
79	0.100	22.512	11.170	1.295	0.426	0.298	78.345	0.747	0.482	2600	1322	68.962	0.329	1.433	0.698	0.944
80	0.164	13.095	11.234	1.623	0.495	0.422	30.124	0.783	0.553	1488	1312	20.136	0.445	1.175	0.851	0.949
81	0.263	25.706	11.520	2.647	0.842	0.398	59.886	0.472	0.903	2966	1376	69.829	0.470	2.113	0.473	0.848
82	0.106	8.476	11.453	1.284	0.414	0.324	35.209	0.805	0.458	955	1336	22.203	0.335	1.277	0.783	0.936
83	0.384	6.404	11.586	2.562	0.912	0.536	172.590	0.735	0.932	684	1337	162.741	0.538	1.701	0.588	0.945
84	0.084	10.862	11.548	1.176	0.393	0.273	76.832	0.767	0.429	1247	1360	71.200	0.301	1.437	0.696	0.914
85	0.243	28.094	11.634	2.116	0.863	0.358	145.212	0.681	0.846	3207	1317	142.896	0.371	2.412	0.415	0.935
86	0.152	23.403	11.571	1.479	0.447	0.432	32.358	0.872	0.489	2695	1363	57.995	0.424	1.034	0.967	0.966
87	0.108	16.627	11.558	1.340	0.491	0.281	140.115	0.758	0.509	1899	1319	139.821	0.304	1.751	0.571	0.930
88	0.209	18.433	11.685	1.915	0.650	0.409	136.523	0.715	0.686	2115	1318	126.293	0.452	1.590	0.629	0.922
89	0.132	19.720	11.651	1.428	0.478	0.352	132.991	0.814	0.506	2273	1320	109.983	0.341	1.358	0.736	0.944
90	0.136	26.278	11.712	1.456	0.528	0.329	41.530	0.808	0.531	3011	1369	21.975	0.329	1.607	0.622	0.950
91	0.178	4.474	11.727	1.767	0.629	0.360	178.174	0.716	0.643	480	1357	10.856	0.363	1.746	0.573	0.937
92	0.100	21.247	11.818	1.312	0.449	0.284	104.614	0.730	0.462	2461	1341	97.524	0.287	1.584	0.631	0.934
93	0.338	2.015	11.942	2.510	0.827	0.520	171.603	0.674	0.875	181	1374	3.400	0.592	1.589	0.629	0.885
94	0.111	24.075	11.838	1.292	0.435	0.324	16.307	0.833	0.442	2760	1367	176.634	0.326	1.344	0.744	0.948
95	0.118	25.139	11.965	1.466	0.563	0.267	70.133	0.691	0.585	2902	1416	73.706	0.289	2.106	0.475	0.932
96	0.168	22.529	11.916	1.666	0.584	0.367	27.049	0.763	0.619	2574	1396	28.355	0.398	1.590	0.629	0.937
97	0.152	12.751	12.018	1.522	0.457	0.425	58.121	0.826	0.487	1464	1362	102.308	0.446	1.076	0.929	0.935
98	0.217	14.485	12.119	1.945	0.631	0.438	108.032	0.722	0.690	1673	1442	82.073	0.426	1.441	0.694	0.932
99	0.314	15.600	12.063	2.633	1.038	0.385	169.646	0.569	1.044	1754	1369	165.619	0.396	2.698	0.371	0.931
100	0.247	5.018	12.154	2.243	0.867	0.363	41.479	0.617	0.875	532	1427	32.905	0.390	2.391	0.418	0.897
101	0.062	11.878	12.024	0.948	0.325	0.242	27.030	0.863	0.331	1360	1404	33.275	0.244	1.342	0.745	0.952
102	0.073	27.272	12.106	1.052	0.391	0.237	17.070	0.826	0.397	3133	1408	16.460	0.243	1.647	0.607	0.957
103	0.029	25.390	12.144	0.695	0.253	0.147	85.527	0.762	0.269	2933	1390	95.528	0.156	1.718	0.582	0.927
104	0.050	21.887	12.275	0.851	0.281	0.228	172.341	0.875	0.297	2515	1417	171.634	0.245	1.231	0.813	0.940
105	0.116	9.862	12.333	1.507	0.626	0.236	163.636	0.641	0.627	1107	1416	164.814	0.245	2.655	0.377	0.943
106	0.055	20.317	12.355	0.900	0.301	0.234	120.689	0.859	0.318	2345	1411	112.380	0.232	1.287	0.777	0.942
107	0.062	23.262	12.386	0.942	0.310	0.254	79.610	0.874	0.333	2689	1451	81.027	0.263	1.222	0.818	0.952
108	0.068	23.819	12.397	1.085	0.359	0.241	159.345	0.725	0.397	2731	1430	159.590	0.281	1.491	0.671	0.909
109	0.114	27.533	12.506	1.405	0.440	0.330	20.872	0.726	0.487	3156	1445	12.308	0.333	1.331	0.751	0.900
110	0.095	19.465	12.579	1.259	0.447	0.270	53.828	0.752	0.480	2235	1481	56.023	0.290	1.654	0.604	0.940
111	0.268	7.170	12.619	2.339	0.936	0.364	173.545	0.615	0.943	773	1452	172.093	0.368	2.567	0.390	0.940
112	0.155	4.012	12.659	1.551	0.512	0.385	154.858	0.808	0.531	441	1442	142.943	0.374	1.328	0.753	0.951
113	0.161	18.598	12.678	1.604	0.557	0.369	49.300	0.788	0.583	2139	1496	57.724	0.385	1.510	0.662	0.941
114	0.181	8.286	12.758	1.829	0.755	0.306	43.457	0.682	0.742	924	1503	40.746	0.300	2.464	0.406	0.950
115	0.101	6.325	12.675	1.282	0.470	0.272	42.760	0.769	0.484	709	1481	41.379	0.285	1.728	0.579	0.946
116	0.102	20.122	12.613	1.235	0.421	0.309	3.377	0.842	0.421	2304	1454	170.538	0.311	1.362	0.734	0.950
117	0.154	2.509	12.775	1.551	0.526	0.373	117.742	0.806	0.546	285	1445	100.954	0.390	1.408	0.710	0.944
118	0.140	9.885	12.763	1.525	0.463	0.386	77.717	0.759	0.523	1125	1502	59.199	0.401	1.199	0.834	0.918
119	0.372	15.421	12.970	2.585	0.758	0.625	57.156	0.699	0.850	1744	1526	46.236	0.661	1.213	0.825	0.917
120	0.152	17.941	12.867	1.632	0.588	0.329	108.550	0.717	0.650	2060	1451	103.851	0.369	1.787	0.560	0.942
121	0.231	16.607	12.908	2.551	0.743	0.396	74.591	0.447	0.739	1916	1537	73.686	0.440	1.874	0.534	0.869
122	0.303	22.432	13.006	3.193	0.818	0.472	113.527	0.374	0.892	2576	1558	86.666	0.609	1.732	0.577	0.720
123	0.162	21.257	12.837	1.600	0.565	0.365	131.716	0.795	0.598	2436	1457	127.367	0.391	1.545	0.647	0.948
124	0.069	24.948	12.735	1.040	0.371	0.237	162.144	0.800	0.363	2869	1460	141.766	0.238	1.568	0.638	0.948
125	0.195	24.347	12.998	2.189	0.886	0.280	66.098	0.511	0.832	2792	1544	57.301	0.321	3.166	0.316	0.843
126	0.046	26.925	12.857	0.839	0.264	0.221	106.865	0.816	0.289	3111	1472	98.616	0.237	1.196	0.836	0.919
127	0.110	4.533	12.945	1.318	0.418	0.335	76.447	0.795	0.474	521	1527	75.203	0.363	1.249	0.801	0.941
128	0.088	21.942	13.018	1.291	0.497	0.225	71.263	0.662	0.541	2525	1536	70.408	0.247	2.211	0.452	0.942
129	0.132	23.430	13.051	1.522	0.599	0.280	69.972	0.715	0.588	2697	1542	70.233	0.298	2.142	0.467	0.942
130	0.047	23.975	12.933	0.847	0.272	0.222	97.591	0.830	0.298	2768	1479	106.858	0.230	1.226	0.816	0.931
131	0.133	12.761	13.056	1.487	0.466	0.363	112.952	0.755	0.497	1463	1483	130.061	0.356	1.286	0.777	0.933
132	0.073	20.526	13.027	1.140	0.401	0.230	49.400	0.701	0.434	2355	1527	42.580	0.259	1.741	0.574	0.920
133	0.110	28.304	13.149	1.400	0.507	0.277	143.176	0.707	0.509	3261	1494	125.311	0.293	1.830	0.546	0.908
134	0.060	19.736	13.086	0.954	0.321	0.237	139.340	0.824	0.329	2275	1495	119.932	0.239	1.354	0.739	0.931
135	0.134	13.311	13.182	1.628	0.576	0.297	41.592	0.637	0.662	1508	1545	33.275	0.322	1.942	0.515	0.898
136	0.205	11.800	13.252	1.785	0.586	0.445	116.703	0.808	0.625	1337	1510	139.485	0.443	1.315	0.760	0.953
137	0.122	21.114	13.216	1.474	0.519	0.299	178.991	0.706	0.537	2415	1541	11.129	0.320	1.733	0.577	0.942
138	0.213	9.154	13.359	1.852	0.553	0.491	87.581	0.782	0.621	1050	1578	68.791	0.508	1.126	0.888	0.945
139	0.048	11.330	13.231	0.891	0.309	0.198	126.478	0.763	0.320	1302	1515	128.418	0.212	1.560	0.641	0.927
140	0.070	25.372	13.251	1.357	0.604	0.148	149.520	0.478	0.576	2907	1513	147.265	0.158	4.089	0.245	0.878
141	0.389	5.306	13.363	2.620	0.950	0.521	2.301	0.712	0.948	557	1532	167.358	0.510	1.824	0.548	0.938
142	0.149	6.516	13.377	1.557	0.533	0.357	89.599	0.774	0.558	744	1577	73.811	0.358	1.495	0.669	0.945
143	0.145	3.604	13.342	1.526	0.525	0.352	145.230	0.783	0.551	393	1522	131.186	0.383	1.491	0.671	0.942
144	0.136	19.118	13.360	1.497	0.487	0.356	20.421	0.762	0.504	2193	1569	50.572	0.353	1.368	0.731	0.940
145	0.088	26.292	13.371	1.137	0.402	0.279	176.316	0.856	0.417	3017	1548	5.947	0.282	1.444	0.693	0.957
146	0.225	13.612	13.614	1.986	0.749	0.383	57.829	0.719	0.771	1561	1616	66.886	0.395	1.952	0.512	0.944
147	0.103	14.691	13.489	1.243	0.386	0.341	169.746	0.841	0.416	1678	1552	159.305	0.346	1.132	0.883	0.952
148	0.050	2.957	13.453	0.848	0.272	0.234	131.080	0.874	0.296	332	1542	127.875	0.241	1.159	0.863	0.947
149	0.120	10.435	13.635	1.393	0.441	0.347	65.426	0.778	0.506	1204	1606	82.147	0.344	1.270	0.787	0.928
150	0.103	23.844	13.591	1.350	0.474	0.276	41.436	0.708	0.500	2747	1598	52.734	0.312	1.714	0.583	0.936
151	0.114	16.847	13.632	1.411	0.463	0.313	78.225	0.719	0.502	1938	1551	100.923	0.320	1.476	0.677	0.930
152	0.080	27.647	13.549	1.214	0.463	0.220	167.742	0.683	0.478	3171	1564	167.471	0.236	2.099	0.476	0.922
153	0.182	20.023	13.756	1.807	0.654	0.355	109.381	0.700	0.670	2311	1552	101.165	0.367	1.844	0.542	0.924
154	0.211	1.498	13.707	2.078	0.820	0.328	1.082	0.615	0.884	120	1586	176.074	0.354	2.498	0.400	0.951
155	0.138	12.952	13.842	1.424	0.423	0.415	176.589	0.854	0.459	1472	1607	19.799	0.421	1.019	0.981	0.946
156	0.061	17.871	13.730	0.976	0.331	0.234	156.445	0.804	0.349	2051	1574	136.005	0.230	1.413	0.708	0.945
157	0.081	7.952	13.818	1.102	0.382	0.271	113.207	0.840	0.416	916	1574	106.928	0.286	1.411	0.709	0.948
158	0.123	7.196	13.775	1.448	0.561	0.278	161.666	0.734	0.580	803	1578	155.344	0.300	2.017	0.496	0.950
159	0.091	11.443	13.732	1.357	0.545	0.212	11.468	0.621	0.565	1291	1593	11.482	0.241	2.567	0.390	0.916
160	0.112	12.219	13.860	1.311	0.452	0.317	79.595	0.822	0.452	1411	1578	95.492	0.311	1.425	0.702	0.953
161	0.081	26.367	13.859	1.149	0.412	0.252	68.606	0.774	0.427	3042	1625	72.300	0.271	1.637	0.611	0.930
162	0.152	23.379	13.933	1.574	0.580	0.334	125.290	0.772	0.588	2685	1586	126.027	0.348	1.736	0.576	0.946
163	0.151	24.909	13.864	1.633	0.592	0.324	173.340	0.711	0.627	2845	1595	164.814	0.336	1.827	0.547	0.929
164	0.114	9.750	13.875	1.447	0.555	0.262	163.283	0.686	0.563	1096	1596	169.380	0.262	2.119	0.472	0.936
165	0.098	20.552	13.955	1.277	0.422	0.295	57.487	0.752	0.454	2355	1627	49.635	0.314	1.432	0.698	0.935
166	0.128	26.988	13.902	1.452	0.551	0.295	156.664	0.761	0.565	3091	1595	150.690	0.303	1.871	0.534	0.958
167	0.139	18.817	13.986	1.550	0.569	0.311	51.703	0.726	0.569	2152	1643	36.347	0.328	1.830	0.546	0.935
168	0.099	22.243	13.966	1.279	0.466	0.269	100.280	0.758	0.482	2563	1590	111.038	0.287	1.730	0.578	0.944
169	0.094	13.857	14.032	1.315	0.500	0.240	78.782	0.684	0.533	1599	1651	76.866	0.255	2.085	0.480	0.937
170	0.171	21.269	14.144	1.976	0.721	0.302	78.137	0.550	0.746	2444	1674	71.775	0.372	2.390	0.418	0.843
171	0.061	22.675	13.962	1.011	0.339	0.230	16.735	0.752	0.382	2600	1622	13.092	0.247	1.479	0.676	0.908
172	0.111	16.082	14.066	1.349	0.434	0.327	88.619	0.768	0.470	1862	1655	83.660	0.361	1.328	0.753	0.921
173	0.085	14.726	14.097	1.287	0.489	0.222	89.277	0.646	0.516	1697	1605	98.673	0.239	2.206	0.453	0.918
174	0.113	2.948	14.116	1.324	0.442	0.325	65.455	0.808	0.451	319	1648	36.431	0.316	1.359	0.736	0.946
175	0.215	1.266	14.235	1.908	0.685	0.400	133.846	0.743	0.676	130	1611	122.471	0.401	1.714	0.583	0.936
176	0.081	6.473	14.031	1.127	0.415	0.248	166.269	0.798	0.432	723	1615	168.465	0.268	1.675	0.597	0.947
177	0.109	17.438	14.155	1.377	0.528	0.262	130.662	0.720	0.543	2000	1610	127.235	0.275	2.015	0.496	0.930
178	0.154	16.447	14.203	1.667	0.656	0.298	47.663	0.694	0.650	1873	1668	35.803	0.308	2.199	0.455	0.940
179	0.060	24.039	14.076	1.020	0.376	0.202	150.321	0.719	0.400	2758	1621	158.429	0.221	1.865	0.536	0.909
180	0.223	10.493	14.355	2.263	0.920	0.308	127.132	0.547	0.967	1177	1618	128.100	0.322	2.983	0.335	0.929
181	0.091	25.890	14.151	1.250	0.463	0.250	176.295	0.732	0.458	2970	1645	10.886	0.264	1.851	0.540	0.923
182	0.066	15.658	14.158	1.010	0.320	0.263	30.214	0.815	0.348	1797	1652	34.875	0.286	1.218	0.821	0.926
183	0.093	19.604	14.268	1.298	0.509	0.232	53.426	0.692	0.521	2245	1674	48.366	0.251	2.193	0.456	0.931
184	0.100	4.073	14.271	1.335	0.497	0.257	16.763	0.707	0.512	442	1657	21.801	0.273	1.938	0.516	0.913
185	0.201	18.264	14.408	1.940	0.759	0.337	155.799	0.670	0.749	2069	1656	163.237	0.341	2.255	0.444	0.942
186	0.131	23.064	14.375	1.484	0.496	0.336	7.946	0.746	0.509	2644	1681	35.311	0.329	1.476	0.677	0.929
187	0.065	8.819	14.425	1.024	0.394	0.211	107.774	0.783	0.401	1014	1646	103.736	0.223	1.871	0.535	0.945
188	0.087	3.245	14.404	1.252	0.422	0.263	160.053	0.698	0.433	351	1662	176.566	0.258	1.606	0.622	0.909
189	0.112	11.534	14.487	1.356	0.496	0.287	62.777	0.765	0.503	1317	1700	65.638	0.300	1.725	0.580	0.926
190	0.068	21.656	14.389	1.005	0.344	0.250	157.030	0.841	0.366	2486	1653	160.710	0.267	1.374	0.728	0.947
191	0.108	13.281	14.485	1.324	0.432	0.317	131.611	0.773	0.488	1520	1651	119.745	0.329	1.364	0.733	0.932
192	0.134	22.209	14.490	1.417	0.419	0.406	131.272	0.836	0.472	2545	1662	156.251	0.398	1.034	0.967	0.958
193	0.087	25.114	14.472	1.147	0.395	0.281	133.583	0.833	0.427	2893	1652	121.759	0.296	1.404	0.712	0.949
194	0.100	7.860	14.531	1.290	0.468	0.271	135.125	0.753	0.484	885	1665	151.144	0.280	1.724	0.580	0.934
195	0.205	5.654	14.583	1.763	0.586	0.445	6.395	0.827	0.625	619	1693	5.553	0.458	1.318	0.759	0.948
196	0.095	13.965	14.556	1.215	0.386	0.315	33.030	0.813	0.410	1593	1688	18.435	0.336	1.227	0.815	0.944
197	0.084	19.251	14.581	1.168	0.402	0.266	129.863	0.774	0.414	2206	1675	151.294	0.262	1.513	0.661	0.937
198	0.266	15.309	14.745	2.194	0.664	0.510	154.975	0.693	0.769	1729	1711	171.597	0.544	1.301	0.768	0.918
199	0.114	28.188	14.687	1.334	0.410	0.354	111.497	0.804	0.459	3260	1673	93.240	0.359	1.157	0.865	0.928
200	0.096	17.268	14.584	1.419	0.589	0.209	5.470	0.602	0.597	1964	1686	178.340	0.217	2.825	0.354	0.932
201	0.111	9.556	14.686	1.424	0.555	0.254	150.010	0.686	0.560	1077	1683	141.892	0.258	2.182	0.458	0.927
202	0.168	23.778	14.812	1.696	0.565	0.380	121.099	0.736	0.577	2745	1681	106.535	0.400	1.489	0.672	0.904
203	0.087	20.779	14.719	1.178	0.417	0.264	25.054	0.784	0.440	2379	1711	19.502	0.277	1.581	0.633	0.942
204	0.081	22.491	14.824	1.246	0.513	0.200	68.959	0.652	0.511	2589	1744	66.038	0.222	2.568	0.389	0.938
205	0.071	12.756	14.807	1.114	0.406	0.223	57.316	0.722	0.403	1468	1734	54.605	0.247	1.819	0.550	0.900
206	0.082	12.233	14.754	1.209	0.462	0.225	168.040	0.702	0.457	1390	1696	150.524	0.227	2.054	0.487	0.937
207	0.193	27.145	14.863	1.798	0.638	0.386	10.240	0.751	0.647	3103	1735	29.650	0.406	1.655	0.604	0.936
208	0.075	18.126	14.821	1.050	0.330	0.288	142.503	0.851	0.360	2082	1701	144.782	0.296	1.149	0.871	0.934
209	0.001	18.307	14.683	0.132	0.050	0.036	48.221	1.000	0.055	2115	1700	38.660	0.043	1.380	0.725	0.884
210	0.149	10.183	14.929	1.531	0.499	0.379	34.950	0.796	0.532	1160	1754	57.600	0.375	1.315	0.761	0.943
211	0.136	4.717	14.990	1.463	0.505	0.342	69.404	0.796	0.514	538	1763	83.234	0.353	1.474	0.678	0.938
212	0.123	24.582	14.967	1.327	0.422	0.370	179.012	0.877	0.436	2819	1740	13.761	0.375	1.140	0.877	0.960
213	0.321	6.241	15.194	2.397	0.912	0.448	60.825	0.702	0.943	697	1806	58.496	0.457	2.038	0.491	0.950
214	0.305	8.658	15.145	2.301	0.678	0.572	42.923	0.723	0.753	998	1797	74.687	0.579	1.185	0.844	0.922
215	0.135	21.626	14.993	1.482	0.522	0.329	172.634	0.772	0.550	2475	1719	155.854	0.333	1.588	0.630	0.955
216	4.485E-4	21.847	14.840	0.066	0.029	0.020	90.000	1.000	0.031	2526	1715	123.690	0.017	1.500	0.667	1.000
217	0.234	1.989	15.117	1.897	0.584	0.510	14.599	0.817	0.644	194	1744	173.066	0.506	1.145	0.874	0.945
218	0.102	22.952	15.004	1.267	0.425	0.307	166.784	0.802	0.463	2631	1722	147.200	0.311	1.387	0.721	0.938
219	0.002	10.830	14.893	0.162	0.062	0.045	9.969	1.000	0.066	1249	1724	23.199	0.043	1.373	0.728	0.921
220	0.141	17.477	15.139	1.581	0.514	0.348	107.719	0.706	0.564	2017	1720	110.659	0.388	1.479	0.676	0.888
221	0.206	19.065	15.128	2.125	0.714	0.368	162.310	0.574	0.748	2164	1734	157.584	0.435	1.944	0.514	0.858
222	0.109	25.669	15.033	1.403	0.540	0.256	11.659	0.693	0.533	2942	1755	19.904	0.261	2.109	0.474	0.933
223	0.240	3.840	15.192	1.983	0.617	0.496	174.658	0.769	0.695	404	1766	10.751	0.511	1.245	0.803	0.935
224	0.329	20.613	15.328	3.726	0.773	0.541	149.811	0.297	0.998	2323	1757	148.100	0.725	1.428	0.700	0.663
225	0.244	14.041	15.216	1.938	0.593	0.523	178.071	0.815	0.658	1590	1749	156.801	0.530	1.134	0.882	0.950
226	0.120	6.819	15.235	1.358	0.456	0.336	74.227	0.820	0.471	785	1788	82.614	0.348	1.354	0.739	0.948
227	0.105	11.371	15.191	1.310	0.484	0.277	168.966	0.772	0.489	1288	1747	162.525	0.289	1.743	0.574	0.939
228	0.090	18.408	15.317	1.214	0.427	0.267	154.617	0.765	0.444	2102	1761	146.929	0.290	1.599	0.625	0.942
229	0.274	10.315	15.609	2.688	0.722	0.483	20.478	0.476	0.821	1142	1810	20.344	0.638	1.494	0.669	0.801
230	0.106	24.188	15.457	1.310	0.419	0.322	4.582	0.775	0.451	2776	1802	20.171	0.338	1.303	0.767	0.932
231	0.193	7.286	15.500	1.803	0.562	0.438	161.212	0.748	0.604	815	1769	128.019	0.470	1.282	0.780	0.913
232	0.113	21.974	15.438	1.369	0.521	0.275	170.153	0.755	0.518	2513	1778	165.500	0.281	1.896	0.528	0.944
233	0.364	16.217	15.585	2.574	0.948	0.489	20.674	0.691	0.946	1823	1803	5.242	0.506	1.937	0.516	0.961
234	0.211	14.906	15.579	1.885	0.565	0.477	152.321	0.747	0.643	1692	1789	146.524	0.498	1.185	0.844	0.920
235	0.095	1.432	15.585	1.347	0.509	0.238	66.340	0.660	0.514	160	1830	65.158	0.247	2.136	0.468	0.925
236	0.095	9.236	15.475	1.381	0.586	0.206	8.212	0.624	0.562	1037	1798	14.250	0.204	2.846	0.351	0.935
237	0.131	22.537	15.636	1.566	0.601	0.276	56.552	0.669	0.643	2585	1841	59.300	0.309	2.175	0.460	0.924
238	0.059	26.569	15.618	0.972	0.375	0.199	86.352	0.779	0.370	3069	1826	79.216	0.190	1.886	0.530	0.959
239	0.105	17.507	15.638	1.289	0.417	0.320	95.910	0.795	0.454	2014	1785	111.194	0.315	1.302	0.768	0.947
240	0.131	27.856	15.699	1.462	0.512	0.326	59.979	0.770	0.546	3207	1841	60.593	0.361	1.570	0.637	0.929
241	0.106	5.181	15.759	1.567	0.649	0.209	94.757	0.545	0.659	595	1787	94.514	0.230	3.112	0.321	0.888
242	0.225	13.313	15.769	1.865	0.577	0.497	87.674	0.813	0.631	1532	1859	76.535	0.513	1.160	0.862	0.941
243	0.187	23.650	15.751	1.730	0.600	0.397	144.827	0.785	0.601	2705	1808	157.126	0.402	1.512	0.661	0.939
244	0.180	3.160	15.759	1.711	0.549	0.417	70.346	0.772	0.569	340	1842	36.347	0.399	1.316	0.760	0.952
245	0.243	12.369	15.836	2.006	0.688	0.450	43.087	0.760	0.716	1410	1868	61.887	0.439	1.528	0.655	0.947
246	0.078	25.415	15.697	1.062	0.328	0.301	5.787	0.866	0.350	2920	1815	164.249	0.300	1.090	0.917	0.955
247	0.151	18.044	15.813	1.647	0.654	0.294	151.828	0.700	0.646	2054	1817	155.493	0.300	2.221	0.450	0.955
248	0.069	11.742	15.795	1.066	0.327	0.270	1.252	0.766	0.366	1336	1822	160.710	0.265	1.212	0.825	0.932
249	0.087	19.072	15.808	1.158	0.370	0.299	168.573	0.816	0.414	2185	1822	156.644	0.302	1.238	0.808	0.934
250	0.145	20.998	15.893	1.604	0.611	0.303	41.568	0.710	0.638	2403	1864	40.601	0.336	2.019	0.495	0.942
251	0.117	21.562	15.894	1.378	0.457	0.326	154.042	0.774	0.482	2469	1830	165.466	0.346	1.403	0.713	0.922
252	0.075	24.203	15.879	1.082	0.363	0.262	80.605	0.802	0.366	2794	1857	70.710	0.273	1.384	0.723	0.920
253	0.182	20.312	16.056	1.782	0.654	0.353	86.250	0.719	0.650	2333	1889	66.501	0.363	1.851	0.540	0.933
254	0.075	18.566	15.943	1.073	0.373	0.255	53.082	0.816	0.386	2134	1861	55.954	0.263	1.458	0.686	0.930
255	0.060	8.270	15.989	0.923	0.285	0.267	70.448	0.881	0.309	957	1868	78.690	0.268	1.070	0.935	0.958
256	0.146	1.838	16.128	1.648	0.566	0.328	28.556	0.673	0.573	193	1890	51.746	0.334	1.727	0.579	0.902
257	0.090	9.614	16.154	1.345	0.537	0.213	67.377	0.623	0.532	1095	1891	57.600	0.243	2.529	0.395	0.925
258	0.110	11.186	16.152	1.351	0.419	0.333	12.173	0.754	0.474	1269	1884	21.413	0.369	1.258	0.795	0.930
259	0.295	16.070	16.333	2.325	0.803	0.467	48.374	0.685	0.874	1815	1917	38.571	0.487	1.718	0.582	0.923
260	0.090	22.534	16.269	1.337	0.544	0.211	108.938	0.635	0.566	2593	1852	108.712	0.223	2.578	0.388	0.942
261	0.110	16.871	16.280	1.457	0.606	0.232	127.737	0.653	0.586	1933	1855	127.208	0.246	2.612	0.383	0.928
262	0.148	26.513	16.310	1.701	0.585	0.323	146.304	0.644	0.602	3033	1883	164.168	0.369	1.814	0.551	0.895
263	0.071	12.663	16.210	1.053	0.389	0.233	47.946	0.807	0.394	1446	1888	37.875	0.237	1.673	0.598	0.944
264	0.159	19.056	16.306	1.624	0.633	0.320	155.151	0.757	0.623	2172	1868	150.945	0.322	1.981	0.505	0.953
265	0.268	3.796	16.510	2.193	0.829	0.412	129.991	0.702	0.820	421	1864	117.646	0.441	2.010	0.498	0.925
266	0.075	18.243	16.324	1.056	0.363	0.263	109.983	0.845	0.388	2106	1866	106.821	0.282	1.384	0.722	0.944
267	0.140	8.810	16.441	1.647	0.639	0.279	46.084	0.649	0.669	991	1928	49.720	0.288	2.293	0.436	0.920
268	0.097	23.286	16.347	1.236	0.416	0.298	21.341	0.801	0.434	2671	1906	35.272	0.318	1.398	0.715	0.940
269	0.149	24.340	16.340	1.636	0.645	0.294	176.949	0.699	0.651	2776	1887	174.668	0.310	2.198	0.455	0.951
270	0.144	10.366	16.513	1.648	0.655	0.280	41.947	0.667	0.639	1169	1934	50.492	0.282	2.340	0.427	0.924
271	0.166	15.263	16.407	1.732	0.647	0.326	5.325	0.694	0.626	1732	1883	162.316	0.322	1.983	0.504	0.951
272	0.304	4.884	16.602	2.201	0.652	0.593	71.315	0.787	0.713	558	1883	96.263	0.575	1.098	0.910	0.927
273	0.088	13.946	16.412	1.294	0.517	0.216	3.836	0.658	0.503	1586	1900	4.927	0.232	2.394	0.418	0.927
274	0.076	20.999	16.436	1.093	0.398	0.244	8.547	0.802	0.392	2407	1895	165.964	0.240	1.628	0.614	0.958
275	0.048	5.678	16.425	0.851	0.283	0.214	22.197	0.828	0.301	645	1912	39.174	0.217	1.321	0.757	0.946
276	0.106	17.410	16.507	1.327	0.442	0.306	148.420	0.758	0.463	1995	1890	126.656	0.309	1.447	0.691	0.913
277	0.141	25.715	16.574	1.490	0.493	0.363	178.887	0.796	0.542	2945	1923	8.259	0.374	1.359	0.736	0.935
278	0.170	8.171	16.672	1.898	0.743	0.292	32.632	0.594	0.748	907	1953	40.314	0.317	2.545	0.393	0.932
279	0.189	2.351	16.654	1.725	0.542	0.446	76.095	0.800	0.604	262	1963	66.371	0.467	1.215	0.823	0.955
280	0.131	11.876	16.689	1.408	0.441	0.379	136.060	0.831	0.485	1362	1904	105.524	0.378	1.165	0.858	0.947
281	0.128	7.145	16.646	1.581	0.611	0.266	3.685	0.642	0.643	793	1931	6.170	0.298	2.294	0.436	0.929
282	0.124	27.926	16.689	1.457	0.466	0.338	22.212	0.732	0.527	3200	1939	23.199	0.388	1.379	0.725	0.931
283	0.126	20.993	16.901	1.505	0.612	0.262	88.785	0.697	0.607	2427	1920	94.899	0.263	2.338	0.428	0.949
284	0.074	5.811	16.756	1.157	0.427	0.220	175.196	0.690	0.454	646	1942	7.667	0.242	1.943	0.515	0.930
285	0.193	14.616	16.875	1.709	0.519	0.474	13.735	0.831	0.554	1660	1956	14.470	0.489	1.095	0.914	0.944
286	0.098	23.058	16.764	1.451	0.604	0.207	168.779	0.584	0.602	2634	1931	164.168	0.222	2.923	0.342	0.899
287	0.214	18.774	17.035	2.194	0.661	0.412	96.436	0.559	0.723	2159	2009	83.130	0.496	1.603	0.624	0.827
288	0.085	22.133	16.814	1.191	0.450	0.241	165.442	0.756	0.459	2537	1932	160.201	0.243	1.864	0.537	0.950
289	0.069	13.059	16.881	1.130	0.439	0.200	12.612	0.680	0.445	1484	1958	7.815	0.205	2.193	0.456	0.926
290	0.244	11.204	17.041	2.002	0.617	0.503	137.273	0.765	0.700	1268	1940	122.905	0.516	1.227	0.815	0.927
291	0.095	1.118	16.950	1.262	0.398	0.304	9.090	0.749	0.446	106	1970	31.535	0.328	1.308	0.764	0.926
292	0.088	9.264	16.990	1.124	0.374	0.300	138.922	0.876	0.381	1052	1955	158.682	0.310	1.249	0.800	0.953
293	0.078	17.878	17.003	1.091	0.401	0.248	107.066	0.824	0.405	2060	1944	106.113	0.255	1.617	0.619	0.958
294	0.101	27.173	17.030	1.264	0.398	0.321	83.240	0.790	0.450	3131	1994	67.380	0.327	1.240	0.806	0.946
295	0.088	21.670	17.000	1.182	0.412	0.271	148.230	0.788	0.423	2489	1949	130.855	0.266	1.518	0.659	0.945
296	0.064	16.201	17.106	1.075	0.422	0.192	103.598	0.692	0.432	1866	1952	109.885	0.199	2.199	0.455	0.934
297	0.109	17.103	17.153	1.383	0.514	0.269	111.156	0.714	0.529	1977	1956	101.310	0.292	1.909	0.524	0.943
298	0.101	16.576	17.154	1.265	0.394	0.325	58.420	0.789	0.449	1910	2007	64.916	0.334	1.210	0.826	0.944
299	0.166	24.084	17.204	1.610	0.545	0.388	136.355	0.806	0.552	2764	1965	144.567	0.404	1.403	0.713	0.942
300	0.101	20.214	17.118	1.214	0.410	0.314	19.214	0.862	0.435	2317	1991	20.956	0.320	1.307	0.765	0.962
301	0.153	19.417	17.207	1.629	0.500	0.391	46.567	0.727	0.535	2222	2007	34.461	0.436	1.279	0.782	0.906
302	0.096	6.390	17.200	1.222	0.369	0.332	130.516	0.810	0.394	719	1980	142.125	0.346	1.110	0.901	0.927
303	0.095	15.519	17.184	1.262	0.403	0.301	12.553	0.753	0.447	1768	1989	14.574	0.326	1.338	0.747	0.906
304	0.050	9.591	17.199	0.854	0.291	0.219	52.743	0.864	0.310	1100	2004	59.859	0.226	1.326	0.754	0.948
305	0.064	12.430	17.183	1.021	0.344	0.237	174.093	0.773	0.361	1418	1993	16.699	0.227	1.452	0.689	0.931
306	0.182	22.172	17.284	1.873	0.677	0.343	15.114	0.653	0.755	2526	2015	23.629	0.347	1.976	0.506	0.929
307	0.200	1.933	17.402	1.844	0.519	0.490	34.065	0.739	0.588	196	2038	53.973	0.501	1.059	0.944	0.921
308	0.460	3.760	17.522	5.060	1.044	0.560	157.742	0.226	1.236	364	1988	163.339	0.852	1.862	0.537	0.641
309	0.102	7.423	17.325	1.299	0.443	0.293	157.049	0.759	0.487	834	1998	160.278	0.322	1.509	0.663	0.940
310	0.044	25.511	17.272	0.821	0.292	0.193	130.375	0.824	0.307	2936	1986	139.574	0.197	1.514	0.660	0.947
311	0.380	5.685	17.671	2.632	0.855	0.566	68.961	0.689	1.004	648	2094	69.848	0.589	1.511	0.662	0.928
312	0.074	19.864	17.372	1.106	0.350	0.270	92.957	0.762	0.380	2294	2029	72.801	0.285	1.295	0.772	0.936
313	0.085	22.800	17.407	1.181	0.453	0.238	117.343	0.763	0.454	2631	1988	111.194	0.246	1.906	0.525	0.943
314	5.232E-4	11.563	17.229	0.078	0.027	0.025	0.000	1.000	0.031	1337	1991	123.690	0.026	1.069	0.936	0.875
315	0.071	13.647	17.388	1.063	0.318	0.284	0.691	0.788	0.364	1560	2022	28.393	0.272	1.120	0.893	0.942
316	0.091	14.396	17.427	1.183	0.346	0.334	3.956	0.815	0.391	1640	2017	18.034	0.344	1.037	0.964	0.941
317	0.040	24.989	17.338	0.813	0.300	0.169	177.552	0.758	0.314	2872	2005	7.907	0.182	1.772	0.564	0.932
318	0.001	7.107	17.304	0.115	0.043	0.035	90.000	1.000	0.047	821	1999	111.801	0.035	1.209	0.827	0.889
319	0.058	6.874	17.446	0.966	0.302	0.243	143.081	0.777	0.343	786	2001	130.914	0.270	1.244	0.804	0.928
320	0.001	21.228	17.309	0.120	0.045	0.036	15.172	1.000	0.050	2453	2004	30.964	0.035	1.263	0.792	0.919
321	0.052	17.506	17.435	0.919	0.290	0.230	41.051	0.778	0.331	2007	2026	33.275	0.236	1.261	0.793	0.927
322	0.100	8.149	17.499	1.340	0.462	0.277	13.169	0.702	0.475	913	2025	169.509	0.298	1.669	0.599	0.925
323	0.096	15.622	17.599	1.275	0.478	0.255	59.788	0.741	0.489	1787	2054	54.345	0.275	1.869	0.535	0.946
324	0.059	18.062	17.528	0.980	0.289	0.261	36.548	0.775	0.334	2072	2039	21.251	0.282	1.109	0.902	0.935
325	0.188	20.527	17.767	2.431	0.697	0.344	95.478	0.400	0.784	2358	2011	121.938	0.471	2.025	0.494	0.698
326	0.068	8.942	17.542	1.009	0.299	0.288	104.517	0.835	0.340	1033	2010	104.744	0.298	1.039	0.962	0.941
327	0.097	13.204	17.562	1.376	0.551	0.224	179.473	0.643	0.533	1496	2029	166.866	0.224	2.458	0.407	0.928
328	0.037	27.853	17.560	0.769	0.283	0.168	161.548	0.793	0.283	3205	2027	167.661	0.180	1.684	0.594	0.925
329	0.003	17.796	17.539	0.186	0.064	0.053	49.705	0.974	0.070	2055	2031	29.745	0.058	1.211	0.826	0.878
330	0.082	10.749	17.740	1.178	0.429	0.243	120.122	0.742	0.440	1236	2027	109.502	0.260	1.762	0.568	0.919
331	0.242	4.890	17.835	1.974	0.636	0.484	9.115	0.780	0.669	530	2077	25.241	0.513	1.312	0.762	0.946
332	0.088	9.571	17.829	1.288	0.485	0.232	109.354	0.668	0.504	1098	2031	101.889	0.247	2.092	0.478	0.935
333	0.222	18.987	17.830	2.527	0.836	0.339	150.380	0.438	0.845	2162	2032	138.318	0.397	2.467	0.405	0.816
334	0.119	16.756	17.815	1.406	0.468	0.324	61.601	0.757	0.484	1931	2087	71.241	0.360	1.445	0.692	0.912
335	0.056	26.549	17.731	0.906	0.314	0.227	21.382	0.857	0.337	3054	2061	22.620	0.239	1.387	0.721	0.946
336	0.046	19.553	17.783	0.808	0.272	0.213	56.342	0.877	0.283	2255	2072	58.736	0.224	1.276	0.784	0.941
337	0.087	10.071	17.881	1.155	0.419	0.265	110.054	0.821	0.438	1158	2044	112.011	0.273	1.583	0.632	0.955
338	0.127	22.388	17.880	1.407	0.481	0.335	0.854	0.805	0.514	2561	2065	173.234	0.351	1.436	0.696	0.946
339	0.077	7.097	17.919	1.088	0.368	0.267	97.350	0.819	0.387	813	2050	100.305	0.285	1.374	0.728	0.943
340	0.066	14.745	17.884	0.962	0.308	0.272	16.883	0.891	0.321	1688	2076	14.036	0.281	1.133	0.883	0.952
341	0.153	16.134	17.949	1.571	0.566	0.344	14.878	0.779	0.561	1834	2086	19.832	0.367	1.646	0.608	0.942
342	0.470	8.148	18.162	5.147	1.134	0.527	161.288	0.223	1.372	872	2089	164.650	0.730	2.151	0.465	0.688
343	0.128	25.123	18.007	1.413	0.436	0.374	18.637	0.806	0.486	2886	2104	51.499	0.361	1.168	0.856	0.941
344	0.060	24.143	17.977	0.970	0.285	0.267	117.333	0.796	0.313	2782	2062	140.599	0.278	1.069	0.936	0.922
345	0.150	11.724	18.099	1.563	0.513	0.373	133.350	0.774	0.562	1341	2065	120.510	0.377	1.376	0.727	0.947
346	0.060	6.415	18.005	0.952	0.309	0.245	50.458	0.826	0.337	733	2101	67.380	0.246	1.262	0.792	0.927
347	0.120	13.932	18.029	1.533	0.633	0.241	21.595	0.641	0.632	1577	2099	19.179	0.257	2.631	0.380	0.927
348	0.097	22.929	18.075	1.322	0.424	0.292	134.371	0.699	0.487	2634	2069	146.592	0.330	1.450	0.690	0.911
349	0.097	21.777	18.056	1.228	0.424	0.291	10.336	0.808	0.430	2496	2098	30.174	0.284	1.456	0.687	0.951
350	0.194	12.554	18.267	1.895	0.713	0.347	94.993	0.680	0.770	1443	2073	99.039	0.372	2.055	0.487	0.957
351	0.121	24.599	18.207	1.496	0.589	0.262	65.576	0.681	0.584	2832	2140	64.573	0.275	2.245	0.445	0.943
352	0.101	23.721	18.194	1.280	0.453	0.284	61.760	0.777	0.480	2733	2130	59.744	0.315	1.596	0.627	0.926
353	0.091	5.300	18.207	1.138	0.371	0.313	55.265	0.883	0.381	593	2114	21.318	0.307	1.183	0.845	0.958
354	0.073	9.837	18.162	1.044	0.337	0.277	11.826	0.844	0.378	1117	2107	15.945	0.285	1.218	0.821	0.951
355	0.096	20.189	18.215	1.256	0.464	0.265	159.493	0.768	0.488	2313	2093	150.255	0.278	1.751	0.571	0.950
356	0.069	17.752	18.280	1.069	0.394	0.224	57.131	0.763	0.419	2036	2130	51.710	0.246	1.754	0.570	0.937
357	0.107	27.709	18.250	1.296	0.456	0.300	173.934	0.803	0.449	3179	2114	11.094	0.308	1.522	0.657	0.934
358	0.100	1.991	18.260	1.288	0.426	0.299	163.550	0.758	0.429	208	2099	138.270	0.309	1.427	0.701	0.923
359	0.161	5.905	18.443	2.333	0.572	0.358	63.739	0.371	0.636	654	2161	42.797	0.434	1.600	0.625	0.771
360	0.157	15.324	18.339	1.661	0.599	0.334	173.156	0.717	0.601	1734	2118	161.565	0.363	1.793	0.558	0.942
361	0.098	19.339	18.388	1.216	0.367	0.340	9.931	0.833	0.391	2215	2136	18.034	0.353	1.081	0.925	0.931
362	0.103	25.963	18.441	1.241	0.378	0.347	67.628	0.839	0.411	2986	2149	59.657	0.354	1.090	0.918	0.954
363	0.062	16.673	18.431	1.046	0.371	0.214	34.400	0.716	0.401	1908	2147	32.661	0.234	1.734	0.577	0.923
364	0.097	4.336	18.487	1.312	0.491	0.252	151.198	0.709	0.509	482	2118	139.821	0.275	1.950	0.513	0.930
365	0.107	26.453	18.534	1.303	0.448	0.304	83.875	0.792	0.449	3056	2117	101.094	0.315	1.473	0.679	0.934
366	0.050	14.068	18.467	0.940	0.332	0.193	79.122	0.716	0.364	1624	2157	67.694	0.205	1.725	0.580	0.934
367	0.080	18.004	18.477	1.140	0.383	0.267	31.311	0.776	0.418	2062	2152	29.745	0.300	1.433	0.698	0.937
368	0.117	6.955	18.518	1.383	0.443	0.337	142.298	0.769	0.468	776	2138	154.855	0.378	1.317	0.759	0.931
369	0.061	18.480	18.512	1.073	0.394	0.198	62.177	0.667	0.426	2133	2165	66.038	0.213	1.993	0.502	0.933
370	0.056	9.418	18.495	0.909	0.289	0.247	129.031	0.852	0.321	1088	2121	104.036	0.245	1.168	0.856	0.945
371	0.093	17.189	18.546	1.155	0.362	0.327	70.891	0.876	0.370	1975	2162	52.595	0.332	1.105	0.905	0.955
372	0.074	2.968	18.577	1.063	0.347	0.273	138.719	0.828	0.374	333	2128	123.690	0.279	1.269	0.788	0.944
373	0.107	13.871	18.729	1.435	0.508	0.269	107.467	0.655	0.559	1594	2130	98.005	0.309	1.886	0.530	0.907
374	0.099	10.814	18.671	1.300	0.390	0.322	68.499	0.734	0.434	1237	2184	42.580	0.341	1.212	0.825	0.939
375	0.263	14.640	18.719	2.134	0.719	0.465	3.981	0.725	0.779	1648	2184	22.865	0.477	1.546	0.647	0.933
376	0.075	17.619	18.646	1.043	0.324	0.296	25.042	0.869	0.341	2018	2154	171.254	0.295	1.095	0.914	0.949
377	0.129	6.559	18.722	1.444	0.528	0.311	127.613	0.776	0.538	732	2148	143.499	0.306	1.699	0.589	0.947
378	0.072	18.751	18.666	1.067	0.345	0.265	175.701	0.794	0.370	2150	2169	10.784	0.274	1.301	0.769	0.944
379	0.104	21.691	18.729	1.344	0.472	0.280	128.815	0.721	0.487	2484	2150	146.592	0.275	1.685	0.593	0.919
380	0.070	13.397	18.718	1.029	0.371	0.239	50.588	0.826	0.388	1534	2180	51.340	0.245	1.554	0.643	0.945
381	0.066	20.449	18.742	1.000	0.348	0.241	32.739	0.830	0.360	2348	2181	35.218	0.253	1.443	0.693	0.928
382	0.082	5.417	18.751	1.163	0.408	0.256	7.127	0.763	0.418	605	2177	7.125	0.268	1.594	0.627	0.933
383	0.225	8.069	18.869	2.708	0.921	0.311	155.686	0.385	0.971	878	2169	160.758	0.391	2.965	0.337	0.760
384	0.135	8.924	18.888	1.466	0.500	0.344	65.187	0.791	0.549	1015	2209	56.560	0.363	1.453	0.688	0.957
385	0.096	15.708	18.856	1.279	0.419	0.291	101.651	0.737	0.440	1808	2203	70.498	0.303	1.438	0.695	0.910
386	0.104	18.205	18.881	1.274	0.472	0.281	79.702	0.806	0.463	2102	2158	98.584	0.280	1.677	0.596	0.959
387	0.200	11.842	19.020	1.869	0.595	0.429	83.067	0.721	0.654	1367	2235	82.405	0.448	1.389	0.720	0.901
388	0.058	2.191	18.818	0.961	0.323	0.230	7.421	0.795	0.340	233	2174	165.256	0.237	1.403	0.713	0.940
389	0.103	3.700	18.873	1.294	0.391	0.335	113.362	0.773	0.429	412	2162	131.730	0.337	1.165	0.858	0.928
390	0.090	16.713	18.902	1.206	0.428	0.266	149.773	0.773	0.447	1910	2173	138.918	0.275	1.607	0.622	0.949
391	0.081	23.551	18.911	1.131	0.350	0.296	84.193	0.800	0.372	2710	2170	111.801	0.311	1.180	0.847	0.942
392	0.165	7.257	19.096	1.631	0.577	0.364	95.427	0.780	0.596	832	2243	76.569	0.358	1.586	0.631	0.956
393	0.083	19.109	18.992	1.115	0.389	0.273	125.673	0.843	0.399	2198	2176	114.341	0.282	1.427	0.701	0.950
394	0.060	5.033	18.960	0.941	0.313	0.246	117.296	0.857	0.324	567	2180	145.886	0.245	1.272	0.786	0.949
395	0.172	22.263	19.161	1.858	0.764	0.287	58.305	0.626	0.758	2555	2256	55.222	0.291	2.666	0.375	0.944
396	0.100	21.140	19.145	1.257	0.420	0.304	99.390	0.798	0.446	2444	2188	108.083	0.311	1.380	0.725	0.946
397	0.130	23.963	19.248	1.664	0.656	0.252	68.450	0.588	0.645	2748	2252	54.819	0.271	2.609	0.383	0.907
398	0.225	13.004	19.303	2.008	0.724	0.396	115.615	0.701	0.736	1491	2192	99.462	0.397	1.830	0.547	0.936
399	0.083	19.655	19.200	1.176	0.403	0.264	56.906	0.759	0.403	2264	2244	59.036	0.294	1.527	0.655	0.912
400	0.143	22.745	19.198	1.661	0.686	0.265	13.401	0.651	0.676	2595	2236	16.348	0.272	2.588	0.386	0.952
401	0.127	4.311	19.242	1.578	0.653	0.247	160.441	0.639	0.646	464	2214	159.624	0.271	2.640	0.379	0.922
402	0.102	24.917	19.245	1.316	0.456	0.284	161.120	0.737	0.473	2857	2216	170.538	0.304	1.603	0.624	0.915
403	0.067	8.495	19.337	1.016	0.351	0.243	58.743	0.816	0.379	974	2256	65.772	0.255	1.444	0.692	0.937
404	0.060	9.438	19.391	0.994	0.335	0.227	68.188	0.759	0.341	1087	2261	81.254	0.235	1.479	0.676	0.906
405	0.242	14.035	19.478	1.944	0.621	0.495	17.299	0.803	0.679	1589	2271	21.666	0.519	1.256	0.796	0.947
406	0.046	15.394	19.308	0.824	0.300	0.194	177.012	0.844	0.304	1765	2226	160.017	0.189	1.550	0.645	0.949
407	0.064	27.315	19.394	0.977	0.330	0.247	137.426	0.843	0.350	3148	2226	122.905	0.255	1.339	0.747	0.949
408	0.206	6.021	19.407	2.092	0.845	0.311	2.494	0.591	0.866	645	2250	12.095	0.341	2.720	0.368	0.936
409	0.100	17.668	19.432	1.274	0.421	0.303	7.104	0.776	0.443	2020	2237	162.979	0.298	1.388	0.720	0.935
410	0.104	5.330	19.571	1.276	0.449	0.296	84.484	0.805	0.472	605	2291	76.218	0.294	1.517	0.659	0.957
411	0.073	7.109	19.560	1.104	0.343	0.271	111.198	0.753	0.370	811	2242	100.784	0.275	1.268	0.788	0.930
412	0.059	25.709	19.523	0.927	0.290	0.258	122.199	0.860	0.319	2960	2245	130.601	0.262	1.126	0.888	0.949
413	0.116	1.719	19.632	1.388	0.432	0.343	80.730	0.759	0.487	189	2244	102.308	0.356	1.262	0.792	0.919
414	0.097	3.506	19.569	1.244	0.439	0.283	15.499	0.791	0.446	385	2279	31.535	0.295	1.552	0.644	0.950
415	0.088	14.921	19.691	1.249	0.471	0.237	82.748	0.706	0.493	1715	2306	78.887	0.242	1.989	0.503	0.942
416	0.097	21.602	19.723	1.256	0.423	0.292	78.308	0.771	0.437	2487	2303	71.565	0.310	1.448	0.690	0.921
417	0.242	11.842	19.867	2.601	0.731	0.422	37.702	0.450	0.804	1357	2344	58.191	0.542	1.734	0.577	0.748
418	0.116	20.711	19.738	1.423	0.541	0.273	163.064	0.719	0.539	2366	2271	158.369	0.282	1.983	0.504	0.929
419	0.152	16.202	19.802	1.584	0.587	0.329	149.889	0.760	0.614	1844	2270	147.653	0.351	1.783	0.561	0.949
420	0.082	11.015	19.786	1.196	0.458	0.229	31.722	0.723	0.459	1254	2306	42.709	0.226	1.998	0.501	0.939
421	0.180	2.935	19.939	1.642	0.496	0.461	67.902	0.837	0.539	333	2273	96.442	0.453	1.076	0.929	0.959
422	0.141	19.762	19.898	1.493	0.515	0.349	26.977	0.796	0.556	2256	2316	32.949	0.364	1.477	0.677	0.955
423	0.086	18.571	19.940	1.222	0.426	0.258	119.772	0.726	0.435	2146	2281	110.956	0.287	1.653	0.605	0.906
424	0.140	15.326	20.047	1.717	0.682	0.261	64.066	0.597	0.719	1748	2355	57.265	0.279	2.609	0.383	0.930
425	0.122	6.331	19.934	1.442	0.530	0.292	151.480	0.735	0.539	703	2294	161.274	0.298	1.817	0.550	0.930
426	0.076	8.746	19.950	1.169	0.447	0.217	25.840	0.701	0.445	987	2320	24.075	0.226	2.060	0.485	0.923
427	0.126	23.368	20.050	1.537	0.576	0.279	60.775	0.672	0.565	2678	2339	40.030	0.282	2.063	0.485	0.918
428	0.045	8.214	19.960	0.853	0.311	0.186	23.126	0.783	0.321	932	2313	14.036	0.189	1.676	0.597	0.924
429	0.078	10.067	19.984	1.057	0.356	0.280	15.058	0.881	0.360	1148	2324	35.218	0.290	1.273	0.785	0.960
430	0.077	3.895	20.035	1.077	0.360	0.272	93.288	0.832	0.367	451	2338	81.870	0.268	1.325	0.755	0.948
431	0.043	5.463	19.982	0.810	0.280	0.195	133.662	0.821	0.290	620	2298	143.471	0.196	1.441	0.694	0.918
432	0.111	13.879	20.033	1.344	0.469	0.301	163.984	0.771	0.527	1574	2313	169.611	0.322	1.560	0.641	0.942
433	0.061	24.598	20.099	0.994	0.290	0.267	68.642	0.773	0.331	2841	2306	105.124	0.263	1.083	0.923	0.904
434	0.091	14.786	20.171	1.220	0.407	0.283	154.793	0.765	0.454	1685	2325	158.806	0.309	1.436	0.696	0.927
435	0.115	3.383	20.296	1.475	0.574	0.256	58.650	0.666	0.592	377	2375	61.189	0.276	2.241	0.446	0.914
436	0.257	25.622	20.291	2.129	0.714	0.459	165.654	0.713	0.774	2921	2339	161.768	0.491	1.556	0.642	0.909
437	0.078	7.408	20.241	1.159	0.405	0.245	45.106	0.729	0.431	836	2360	51.520	0.275	1.657	0.603	0.923
438	0.167	4.487	20.310	1.607	0.545	0.389	179.416	0.810	0.561	486	2358	24.590	0.380	1.403	0.713	0.963
439	0.138	1.838	20.386	1.577	0.595	0.296	129.864	0.699	0.623	192	2329	127.666	0.315	2.011	0.497	0.930
440	0.147	18.072	20.354	1.594	0.555	0.336	156.779	0.725	0.576	2065	2333	138.652	0.339	1.653	0.605	0.926
441	0.063	23.981	20.282	1.002	0.335	0.238	151.770	0.784	0.355	2757	2333	131.055	0.249	1.406	0.711	0.937
442	0.117	21.547	20.337	1.433	0.534	0.278	3.977	0.713	0.534	2461	2347	170.690	0.289	1.923	0.520	0.934
443	0.135	17.096	20.472	1.509	0.561	0.306	104.858	0.745	0.579	1970	2338	103.829	0.329	1.833	0.545	0.943
444	0.253	12.718	20.413	2.227	0.832	0.387	170.021	0.642	0.846	1416	2353	163.974	0.424	2.149	0.465	0.933
445	0.073	19.496	20.448	1.082	0.362	0.257	21.417	0.784	0.405	2232	2372	19.983	0.275	1.406	0.711	0.931
446	0.085	9.304	20.616	1.308	0.557	0.194	126.069	0.625	0.545	1058	2357	125.961	0.204	2.871	0.348	0.933
447	0.105	26.672	20.571	1.306	0.397	0.335	112.436	0.771	0.454	3071	2359	120.964	0.354	1.185	0.844	0.927
448	0.127	8.777	20.736	1.417	0.442	0.366	11.218	0.795	0.511	985	2396	176.121	0.367	1.206	0.829	0.934
449	0.063	6.591	20.799	1.053	0.387	0.207	59.155	0.713	0.391	746	2421	54.904	0.213	1.871	0.534	0.911
450	0.088	10.293	20.827	1.397	0.481	0.234	77.733	0.570	0.558	1183	2447	73.811	0.285	2.058	0.486	0.885
451	0.065	16.468	20.796	0.971	0.307	0.269	24.902	0.863	0.327	1886	2408	12.200	0.270	1.140	0.877	0.940
452	0.105	11.294	20.844	1.264	0.399	0.334	52.573	0.824	0.453	1289	2432	55.098	0.333	1.193	0.838	0.956
453	0.057	15.321	20.813	0.935	0.311	0.235	83.611	0.824	0.329	1761	2421	60.068	0.225	1.325	0.755	0.954
454	0.125	7.101	20.810	1.559	0.608	0.261	12.494	0.646	0.626	787	2409	6.340	0.283	2.327	0.430	0.937
455	0.252	14.063	20.904	2.052	0.721	0.444	157.728	0.751	0.754	1582	2403	153.435	0.472	1.623	0.616	0.939
456	0.064	5.502	20.891	1.170	0.502	0.163	34.889	0.588	0.493	614	2433	37.875	0.170	3.085	0.324	0.913
457	0.151	27.411	20.927	1.533	0.497	0.386	3.801	0.806	0.551	3140	2431	22.135	0.375	1.287	0.777	0.957
458	0.051	23.996	20.895	0.856	0.282	0.228	13.071	0.868	0.310	2762	2428	30.141	0.225	1.235	0.810	0.951
459	0.081	4.211	21.018	1.144	0.371	0.278	7.923	0.779	0.410	464	2429	172.725	0.282	1.337	0.748	0.918
460	0.187	19.926	21.070	1.734	0.649	0.366	15.546	0.780	0.654	2273	2460	29.275	0.364	1.772	0.564	0.964
461	0.431	1.936	21.211	2.721	0.946	0.580	173.685	0.731	0.964	182	2419	150.446	0.560	1.632	0.613	0.958
462	0.228	12.232	21.173	2.105	0.792	0.367	19.700	0.647	0.797	1368	2454	9.360	0.374	2.158	0.463	0.912
463	0.063	7.648	21.113	1.023	0.352	0.230	69.464	0.761	0.366	883	2464	83.211	0.226	1.532	0.653	0.920
464	0.268	18.464	21.177	2.702	1.099	0.311	20.174	0.462	1.169	2075	2477	23.532	0.354	3.537	0.283	0.907
465	0.102	26.588	21.246	1.333	0.494	0.263	84.838	0.723	0.478	3069	2431	102.529	0.271	1.877	0.533	0.931
466	0.191	7.010	21.481	1.780	0.647	0.376	124.715	0.758	0.683	800	2447	108.435	0.390	1.720	0.582	0.940
467	0.224	20.949	21.477	1.898	0.570	0.501	45.968	0.782	0.651	2415	2519	73.009	0.496	1.138	0.879	0.938
468	0.221	22.598	21.460	1.933	0.625	0.450	147.198	0.743	0.664	2576	2476	171.764	0.466	1.390	0.719	0.923
469	0.104	8.437	21.383	1.275	0.395	0.335	159.362	0.802	0.426	953	2461	167.093	0.351	1.180	0.847	0.933
470	0.220	16.407	21.535	1.869	0.573	0.488	92.992	0.790	0.652	1887	2453	104.589	0.497	1.173	0.853	0.936
471	0.113	9.045	21.434	1.322	0.472	0.305	157.743	0.812	0.474	1026	2460	141.667	0.315	1.551	0.645	0.952
472	0.066	9.757	21.416	0.985	0.342	0.246	53.398	0.855	0.346	1114	2492	53.130	0.255	1.392	0.719	0.947
473	0.081	13.136	21.394	1.155	0.429	0.241	165.484	0.766	0.465	1492	2465	161.565	0.251	1.778	0.562	0.953
474	0.071	4.961	21.411	1.040	0.329	0.276	166.893	0.826	0.353	555	2465	149.036	0.285	1.192	0.839	0.939
475	0.106	14.935	21.602	1.324	0.487	0.277	5.284	0.759	0.487	1699	2507	19.722	0.277	1.759	0.569	0.943
476	0.105	25.706	21.659	1.290	0.446	0.301	14.946	0.795	0.457	2946	2511	15.350	0.314	1.482	0.675	0.943
477	0.321	3.534	21.873	2.530	0.817	0.501	77.162	0.631	0.889	402	2487	100.654	0.544	1.632	0.613	0.876
478	0.090	5.521	21.736	1.214	0.416	0.275	38.518	0.766	0.450	614	2529	37.972	0.310	1.514	0.661	0.932
479	0.130	7.866	21.789	1.448	0.450	0.369	67.227	0.779	0.488	885	2532	37.073	0.380	1.220	0.820	0.947
480	0.197	14.085	21.873	1.898	0.725	0.347	23.153	0.689	0.702	1596	2553	37.999	0.360	2.093	0.478	0.921
481	0.338	12.228	22.001	2.447	0.807	0.533	15.667	0.709	0.826	1383	2582	46.273	0.547	1.513	0.661	0.937
482	0.070	6.434	21.948	1.071	0.400	0.222	137.440	0.763	0.399	724	2528	150.101	0.237	1.804	0.554	0.924
483	0.111	24.308	21.942	1.382	0.489	0.288	179.543	0.728	0.489	2786	2541	8.130	0.303	1.699	0.589	0.934
484	0.153	10.790	22.110	1.635	0.634	0.307	89.652	0.719	0.621	1236	2524	106.164	0.294	2.066	0.484	0.957
485	0.095	4.088	22.043	1.262	0.449	0.269	61.133	0.750	0.477	467	2578	67.620	0.292	1.667	0.600	0.942
486	0.271	4.992	22.180	2.465	0.903	0.382	156.733	0.560	0.988	518	2541	150.068	0.421	2.365	0.423	0.926
487	0.103	26.694	22.270	1.280	0.422	0.310	61.753	0.787	0.443	3070	2596	38.660	0.327	1.362	0.734	0.952
488	0.103	2.354	22.314	1.453	0.574	0.228	35.166	0.611	0.576	248	2602	41.348	0.245	2.517	0.397	0.892
489	0.325	16.066	22.449	2.528	0.978	0.423	6.138	0.639	1.026	1801	2609	9.700	0.455	2.315	0.432	0.933
490	0.092	17.807	22.389	1.241	0.487	0.239	170.797	0.748	0.476	2034	2579	164.197	0.243	2.035	0.491	0.949
491	0.172	25.471	22.545	1.745	0.493	0.444	126.285	0.710	0.559	2922	2581	140.648	0.460	1.112	0.899	0.888
492	0.213	21.449	22.652	1.917	0.699	0.388	113.322	0.730	0.747	2469	2581	113.895	0.413	1.800	0.555	0.949
493	0.104	18.629	22.497	1.397	0.511	0.258	160.940	0.669	0.533	2125	2587	160.096	0.287	1.979	0.505	0.905
494	0.222	19.794	22.576	1.862	0.612	0.462	174.178	0.805	0.643	2253	2621	17.216	0.467	1.326	0.754	0.957
495	0.196	22.751	22.688	1.952	0.739	0.337	47.647	0.645	0.771	2597	2648	42.274	0.379	2.195	0.456	0.917
496	0.148	23.435	22.648	1.835	0.740	0.254	39.064	0.552	0.727	2677	2638	32.367	0.280	2.911	0.344	0.893
497	0.235	9.259	22.606	2.217	0.900	0.332	163.006	0.601	0.933	1019	2595	156.523	0.366	2.709	0.369	0.930
498	0.143	13.008	22.775	1.654	0.560	0.325	160.374	0.656	0.624	1468	2630	176.028	0.344	1.722	0.581	0.883
499	0.107	24.563	22.774	1.426	0.533	0.256	139.201	0.662	0.569	2813	2611	133.152	0.274	2.086	0.479	0.920
500	0.239	6.474	22.896	2.091	0.759	0.400	36.853	0.686	0.828	711	2680	36.511	0.446	1.895	0.528	0.927
501	0.142	7.909	22.896	1.697	0.664	0.272	11.804	0.619	0.661	880	2657	6.009	0.293	2.441	0.410	0.902
502	0.089	10.168	22.889	1.289	0.527	0.214	165.650	0.671	0.525	1147	2636	162.759	0.219	2.461	0.406	0.935
503	0.146	26.438	23.104	1.684	0.555	0.334	141.193	0.646	0.623	3025	2666	154.502	0.357	1.661	0.602	0.900
504	0.276	5.189	23.140	2.242	0.815	0.431	160.170	0.690	0.840	564	2644	151.060	0.453	1.892	0.529	0.934
505	0.291	15.009	23.227	2.326	0.786	0.471	155.343	0.675	0.836	1693	2673	150.255	0.553	1.668	0.600	0.878
506	0.243	4.111	23.165	2.114	0.839	0.368	18.451	0.682	0.844	431	2702	24.201	0.387	2.278	0.439	0.946
507	0.136	18.417	23.264	1.475	0.478	0.363	50.352	0.785	0.538	2108	2711	53.499	0.376	1.317	0.759	0.947
508	0.068	17.056	23.236	1.061	0.387	0.224	146.599	0.760	0.420	1953	2677	147.619	0.243	1.732	0.578	0.946
509	0.104	2.930	23.315	1.232	0.410	0.323	31.269	0.862	0.442	318	2710	30.579	0.337	1.270	0.787	0.962
510	0.120	20.756	23.348	1.399	0.497	0.308	167.999	0.771	0.499	2373	2703	8.973	0.319	1.614	0.620	0.939
511	0.080	23.505	23.335	1.250	0.471	0.216	25.236	0.641	0.522	2691	2716	24.444	0.245	2.185	0.458	0.917
512	0.071	21.737	23.403	1.129	0.423	0.215	158.233	0.705	0.446	2494	2692	148.465	0.219	1.965	0.509	0.930
513	0.054	16.118	23.413	0.924	0.289	0.238	94.828	0.794	0.323	1855	2692	110.376	0.248	1.212	0.825	0.923
514	0.089	19.398	23.466	1.227	0.433	0.262	32.521	0.745	0.476	2221	2732	36.870	0.281	1.651	0.606	0.923
515	0.036	22.794	23.623	0.708	0.228	0.201	30.884	0.904	0.249	2625	2742	33.690	0.199	1.134	0.882	0.954
516	0.107	7.141	23.728	1.276	0.395	0.343	79.387	0.822	0.442	817	2768	59.421	0.345	1.152	0.868	0.958
