 	Area	X	Y	Perim.	Major	Minor	Angle	Circ.	Feret	FeretX	FeretY	FeretAngle	MinFeret	AR	Round	Solidity
1	1.484E-4	2.120	0.207	0.034	0.014	0.014	0.000	1.000	0.017	347	33	135.000	0.012	1.000	1.000	1.000
2	1.113E-4	11.381	0.214	0.034	0.014	0.010	45.000	1.000	0.017	1867	36	45.000	0.012	1.464	0.683	0.857
3	7.422E-4	5.463	0.318	0.093	0.031	0.030	135.000	1.000	0.036	895	50	120.964	0.030	1.038	0.963	0.909
4	0.041	19.303	0.665	0.806	0.292	0.180	162.227	0.800	0.294	3147	99	155.556	0.188	1.617	0.619	0.940
5	0.384	18.051	1.021	2.546	0.863	0.567	54.444	0.745	0.936	2902	213	38.660	0.579	1.523	0.657	0.950
6	0.170	19.763	0.855	1.704	0.589	0.366	13.523	0.734	0.613	3195	142	6.277	0.377	1.609	0.622	0.937
7	0.001	7.818	0.682	0.133	0.044	0.037	60.579	0.926	0.050	1282	116	75.964	0.041	1.187	0.843	0.824
8	0.003	9.004	0.859	0.222	0.084	0.051	68.762	0.854	0.088	1473	146	56.310	0.055	1.649	0.607	0.923
9	0.230	14.445	1.169	1.974	0.623	0.469	78.730	0.740	0.659	2333	231	56.310	0.502	1.327	0.754	0.952
10	2.227E-4	6.683	0.880	0.047	0.021	0.014	90.000	1.000	0.022	1096	143	123.690	0.012	1.500	0.667	1.000
11	0.004	9.306	0.918	0.223	0.074	0.062	112.891	0.909	0.078	1523	146	128.660	0.065	1.187	0.842	0.902
12	0.230	6.895	1.213	1.851	0.559	0.523	98.305	0.842	0.600	1118	246	77.093	0.510	1.069	0.935	0.967
13	0.356	16.201	1.235	2.409	0.802	0.566	12.204	0.772	0.846	2605	246	30.256	0.591	1.417	0.706	0.964
14	0.048	21.296	1.133	0.872	0.286	0.216	65.826	0.801	0.319	3482	209	55.098	0.225	1.325	0.755	0.946
15	0.281	8.676	1.355	2.040	0.671	0.534	92.114	0.849	0.669	1413	167	105.301	0.512	1.258	0.795	0.974
16	0.234	12.734	1.305	2.056	0.753	0.395	22.839	0.695	0.755	2029	232	14.485	0.404	1.906	0.525	0.958
17	0.413	5.237	1.375	2.689	0.931	0.564	10.304	0.717	0.939	781	219	168.398	0.568	1.650	0.606	0.954
18	0.272	10.457	1.294	2.150	0.750	0.461	0.837	0.739	0.761	1661	221	10.141	0.496	1.626	0.615	0.951
19	0.471	2.982	1.446	2.685	0.816	0.735	164.825	0.821	0.889	423	249	9.462	0.711	1.111	0.900	0.968
20	0.001	3.748	1.200	0.111	0.037	0.035	33.523	1.000	0.041	612	196	153.435	0.037	1.059	0.945	0.885
21	0.043	20.474	1.567	0.814	0.271	0.200	150.899	0.807	0.292	3343	243	144.324	0.209	1.360	0.735	0.944
22	0.002	9.838	1.770	0.161	0.053	0.050	111.968	1.000	0.058	1614	286	108.435	0.049	1.078	0.928	0.903
23	0.002	4.803	1.807	0.169	0.059	0.046	16.968	0.943	0.064	783	297	16.699	0.049	1.273	0.785	0.899
24	0.053	20.571	1.952	0.956	0.317	0.212	42.325	0.726	0.329	3355	337	33.690	0.228	1.490	0.671	0.921
25	4.825E-4	1.199	2.004	0.072	0.027	0.023	135.000	1.000	0.030	195	327	126.870	0.024	1.159	0.863	0.897
26	0.068	21.749	2.334	1.060	0.387	0.225	56.118	0.764	0.397	3546	409	57.529	0.239	1.718	0.582	0.946
27	0.115	19.675	2.372	1.314	0.402	0.366	127.298	0.841	0.446	3215	356	111.656	0.360	1.098	0.911	0.963
28	0.235	14.286	2.693	1.944	0.668	0.448	148.141	0.781	0.713	2295	417	146.853	0.473	1.491	0.670	0.940
29	2.598E-4	8.869	2.525	0.055	0.019	0.018	90.000	1.000	0.022	1455	413	123.690	0.018	1.069	0.936	0.875
30	0.306	18.238	2.870	2.207	0.660	0.590	71.675	0.789	0.747	2978	529	68.459	0.591	1.118	0.895	0.965
31	2.598E-4	1.299	2.586	0.052	0.019	0.018	90.000	1.000	0.022	212	423	123.690	0.018	1.069	0.936	0.875
32	1.856E-4	2.270	2.608	0.047	0.019	0.012	18.435	1.000	0.022	371	429	33.690	0.012	1.553	0.644	0.909
33	0.144	16.159	2.833	1.561	0.579	0.317	146.728	0.743	0.590	2610	434	141.710	0.336	1.830	0.546	0.955
34	0.222	4.987	2.948	1.864	0.543	0.521	127.095	0.804	0.604	776	466	158.091	0.505	1.044	0.958	0.965
35	2.598E-4	13.954	2.679	0.055	0.019	0.018	0.000	1.000	0.022	2290	438	123.690	0.018	1.069	0.936	0.875
36	0.325	2.951	3.049	2.342	0.825	0.501	33.877	0.744	0.852	419	530	19.213	0.523	1.645	0.608	0.952
37	0.044	6.664	2.860	0.818	0.270	0.205	46.829	0.817	0.302	1079	488	48.270	0.218	1.318	0.759	0.952
38	0.089	10.161	2.969	1.182	0.387	0.292	146.567	0.799	0.428	1643	461	130.956	0.298	1.327	0.754	0.947
39	0.056	21.644	2.964	0.947	0.334	0.214	0.178	0.785	0.354	3526	481	169.077	0.223	1.562	0.640	0.947
40	0.063	15.727	3.057	0.992	0.340	0.236	46.805	0.806	0.343	2557	511	19.722	0.232	1.440	0.695	0.943
41	0.071	12.176	3.117	1.060	0.340	0.264	98.136	0.789	0.367	1987	541	84.289	0.261	1.289	0.776	0.946
42	3.340E-4	4.632	2.978	0.064	0.024	0.018	110.301	1.000	0.027	759	487	116.565	0.018	1.340	0.746	0.857
43	0.018	20.507	3.074	0.516	0.181	0.123	35.579	0.827	0.190	3355	514	39.806	0.131	1.475	0.678	0.938
44	2.227E-4	17.837	3.019	0.047	0.021	0.014	90.000	1.000	0.022	2927	494	123.690	0.012	1.500	0.667	1.000
45	0.137	8.434	3.193	1.476	0.511	0.341	178.186	0.788	0.528	1341	513	161.147	0.332	1.499	0.667	0.961
46	4.453E-4	6.010	3.089	0.071	0.027	0.021	90.000	1.000	0.030	985	505	126.870	0.018	1.333	0.750	1.000
47	3.711E-4	5.497	3.686	0.064	0.025	0.019	90.000	1.000	0.027	901	603	116.565	0.018	1.327	0.753	0.909
48	0.056	17.975	3.898	0.914	0.278	0.255	48.895	0.839	0.310	2940	663	70.498	0.265	1.092	0.916	0.942
49	0.040	2.325	4.037	0.758	0.247	0.205	115.372	0.870	0.261	369	647	127.405	0.210	1.203	0.831	0.953
50	0.143	19.844	4.394	1.582	0.582	0.312	115.427	0.716	0.570	3231	686	131.532	0.311	1.864	0.536	0.937
51	0.038	2.028	4.524	0.741	0.239	0.203	66.163	0.870	0.247	328	763	69.775	0.213	1.180	0.848	0.948
52	0.126	12.223	4.703	1.571	0.588	0.272	67.544	0.640	0.603	1976	816	60.327	0.301	2.162	0.463	0.890
53	0.099	16.722	4.620	1.241	0.370	0.342	159.984	0.811	0.410	2716	741	139.214	0.353	1.083	0.923	0.951
54	2.227E-4	22.013	4.474	0.052	0.023	0.013	36.870	1.000	0.026	3612	736	45.000	0.016	1.809	0.553	0.800
55	0.038	21.665	4.588	0.742	0.226	0.216	172.477	0.876	0.245	3537	760	14.381	0.221	1.048	0.954	0.938
56	2.227E-4	21.974	4.487	0.047	0.021	0.014	90.000	1.000	0.022	3606	735	123.690	0.012	1.500	0.667	1.000
57	0.108	13.844	4.707	1.329	0.475	0.288	152.300	0.765	0.473	2245	742	141.801	0.297	1.649	0.607	0.958
58	2.969E-4	7.862	4.541	0.055	0.022	0.018	135.000	1.000	0.026	1289	744	135.000	0.018	1.229	0.814	0.941
59	0.058	15.470	4.721	0.954	0.289	0.254	107.594	0.795	0.319	2531	752	103.241	0.262	1.140	0.877	0.928
60	0.056	3.182	4.838	0.905	0.318	0.223	19.685	0.856	0.326	498	804	17.418	0.234	1.426	0.701	0.961
61	0.016	1.850	4.898	0.737	0.224	0.091	40.507	0.369	0.255	287	813	40.156	0.119	2.465	0.406	0.656
62	0.182	10.125	4.997	1.684	0.606	0.383	168.305	0.807	0.609	1614	808	161.928	0.386	1.584	0.631	0.956
63	1.484E-4	1.566	4.825	0.034	0.014	0.014	0.000	1.000	0.017	256	791	135.000	0.012	1.000	1.000	1.000
64	2.227E-4	1.721	4.855	0.047	0.021	0.014	0.000	1.000	0.022	281	796	146.310	0.012	1.500	0.667	1.000
65	0.073	5.583	5.016	1.054	0.380	0.245	35.756	0.826	0.384	888	840	35.961	0.256	1.550	0.645	0.957
66	0.116	6.712	5.145	1.383	0.487	0.303	60.352	0.761	0.491	1090	885	78.551	0.321	1.606	0.622	0.936
67	0.117	8.239	5.156	1.334	0.457	0.327	95.992	0.829	0.476	1346	883	80.417	0.334	1.396	0.716	0.966
68	2.598E-4	1.927	5.098	0.055	0.021	0.015	149.527	1.000	0.026	315	835	135.000	0.018	1.380	0.725	0.875
69	4.453E-4	4.362	5.221	0.069	0.024	0.024	0.000	1.000	0.027	715	855	116.565	0.024	1.000	1.000	0.857
70	0.078	20.193	5.384	1.053	0.333	0.298	92.660	0.881	0.341	3310	912	79.695	0.299	1.118	0.895	0.965
71	2.969E-4	15.452	5.286	0.055	0.022	0.018	135.000	1.000	0.026	2535	866	135.000	0.018	1.229	0.814	0.941
72	0.087	13.471	5.493	1.173	0.360	0.308	82.706	0.796	0.384	2215	935	75.303	0.326	1.169	0.856	0.953
73	0.017	1.660	5.522	0.503	0.177	0.121	129.324	0.835	0.188	263	894	119.055	0.125	1.463	0.684	0.926
74	0.049	18.809	5.679	0.979	0.313	0.198	113.557	0.637	0.325	3081	907	113.199	0.211	1.580	0.633	0.924
75	1.484E-4	12.221	5.684	0.034	0.014	0.014	0.000	1.000	0.017	2005	932	135.000	0.012	1.000	1.000	1.000
76	0.097	14.396	5.890	1.220	0.386	0.321	133.480	0.822	0.397	2359	933	110.659	0.328	1.202	0.832	0.961
77	0.037	20.342	5.828	0.742	0.232	0.205	114.146	0.855	0.253	3334	937	105.376	0.213	1.131	0.884	0.940
78	1.113E-4	8.690	5.790	0.042	0.021	0.007	90.000	0.809	0.019	1426	949	108.435	0.006	3.000	0.333	1.000
79	1.484E-4	3.384	5.804	0.043	0.017	0.011	0.000	1.000	0.019	554	952	161.565	0.012	1.468	0.681	0.800
80	0.134	17.436	6.107	1.533	0.492	0.348	42.133	0.718	0.546	2845	1041	60.573	0.348	1.414	0.707	0.943
81	0.187	12.233	6.212	1.678	0.565	0.422	97.370	0.836	0.591	1989	974	114.981	0.414	1.337	0.748	0.972
82	0.105	3.294	6.345	1.582	0.598	0.224	84.622	0.527	0.584	536	1089	82.208	0.251	2.675	0.374	0.840
83	0.081	9.873	6.238	1.100	0.361	0.287	50.550	0.846	0.367	1618	1053	78.503	0.292	1.257	0.795	0.959
84	0.109	5.242	6.289	1.333	0.479	0.288	40.557	0.767	0.469	825	1040	15.843	0.284	1.662	0.602	0.944
85	0.182	15.393	6.381	1.686	0.617	0.376	120.245	0.806	0.629	2501	1001	121.535	0.390	1.639	0.610	0.965
86	0.053	6.829	6.261	0.880	0.285	0.235	128.190	0.856	0.307	1105	1010	129.369	0.242	1.211	0.826	0.959
87	0.090	20.207	6.335	1.181	0.428	0.266	87.443	0.807	0.440	3311	1077	79.624	0.274	1.607	0.622	0.964
88	0.081	8.454	6.463	1.126	0.363	0.282	65.903	0.798	0.372	1360	1071	31.608	0.291	1.285	0.778	0.948
89	0.069	21.675	6.541	0.996	0.328	0.267	71.796	0.872	0.347	3545	1101	74.745	0.268	1.231	0.813	0.963
90	1.856E-4	0.912	6.434	0.047	0.019	0.012	18.435	1.000	0.022	148	1057	33.690	0.012	1.553	0.644	0.909
91	0.002	18.383	6.519	0.204	0.088	0.025	45.201	0.516	0.091	3012	1074	42.274	0.034	3.543	0.282	0.719
92	0.072	16.642	6.706	1.047	0.374	0.246	99.688	0.828	0.381	2725	1070	97.352	0.248	1.522	0.657	0.953
93	4.825E-4	12.847	6.749	0.072	0.027	0.023	135.000	1.000	0.030	2107	1106	126.870	0.024	1.159	0.863	0.897
94	1.484E-4	2.498	6.799	0.034	0.014	0.014	0.000	1.000	0.017	409	1115	135.000	0.012	1.000	1.000	1.000
95	0.057	2.032	7.014	0.930	0.284	0.258	51.090	0.835	0.301	317	1172	54.058	0.266	1.099	0.910	0.948
96	0.102	10.239	7.347	1.274	0.454	0.288	89.667	0.794	0.461	1673	1241	77.800	0.289	1.577	0.634	0.956
97	0.018	5.928	7.356	0.512	0.155	0.152	149.983	0.887	0.167	969	1194	100.491	0.153	1.021	0.979	0.929
98	0.066	9.736	7.544	0.989	0.329	0.257	100.147	0.854	0.338	1591	1210	103.536	0.268	1.282	0.780	0.953
99	2.227E-4	0.113	7.457	0.047	0.021	0.014	0.000	1.000	0.022	17	1223	146.310	0.012	1.500	0.667	1.000
100	0.052	20.806	7.620	0.887	0.297	0.225	82.222	0.837	0.301	3405	1275	54.058	0.231	1.323	0.756	0.957
101	1.484E-4	0.274	7.627	0.034	0.014	0.014	0.000	1.000	0.017	44	1251	135.000	0.012	1.000	1.000	1.000
102	0.086	6.400	8.062	1.146	0.378	0.288	135.719	0.820	0.400	1025	1300	142.431	0.296	1.313	0.761	0.946
103	0.108	12.332	8.095	1.268	0.428	0.321	115.673	0.844	0.435	1994	1313	142.970	0.326	1.332	0.751	0.967
104	1.484E-4	2.291	8.096	0.034	0.014	0.014	0.000	1.000	0.017	375	1328	135.000	0.012	1.000	1.000	1.000
105	0.047	18.279	8.220	0.840	0.293	0.206	20.348	0.841	0.306	2976	1357	12.653	0.212	1.424	0.702	0.947
106	0.117	20.768	8.481	1.325	0.449	0.331	129.725	0.834	0.453	3382	1366	143.746	0.335	1.358	0.736	0.962
107	0.182	14.273	8.523	1.664	0.543	0.427	40.685	0.827	0.578	2310	1428	34.695	0.438	1.272	0.786	0.972
108	2.598E-4	3.035	8.343	0.052	0.019	0.018	90.000	1.000	0.022	497	1368	123.690	0.018	1.069	0.936	0.875
109	0.092	19.831	8.617	1.208	0.407	0.289	96.586	0.793	0.422	3245	1379	110.266	0.286	1.409	0.710	0.949
110	0.157	5.597	8.632	1.599	0.570	0.350	20.065	0.770	0.601	876	1429	17.700	0.370	1.629	0.614	0.953
111	0.141	4.609	8.746	1.548	0.452	0.396	112.515	0.737	0.493	740	1402	118.780	0.408	1.142	0.875	0.937
112	8.907E-4	10.757	8.563	0.111	0.040	0.028	104.538	0.916	0.044	1765	1402	105.945	0.030	1.412	0.708	0.857
113	0.101	14.833	8.836	1.195	0.374	0.343	26.017	0.888	0.393	2406	1467	18.997	0.347	1.091	0.917	0.963
114	0.109	19.540	8.912	1.286	0.406	0.343	1.905	0.829	0.447	3172	1458	168.996	0.356	1.185	0.844	0.962
115	0.050	17.018	8.896	0.860	0.282	0.224	119.826	0.843	0.306	2784	1436	107.354	0.220	1.259	0.794	0.949
116	0.064	8.988	8.936	0.982	0.346	0.234	65.483	0.828	0.358	1460	1491	58.201	0.237	1.482	0.675	0.957
117	0.004	2.385	8.817	0.239	0.080	0.069	93.503	0.948	0.083	389	1441	107.103	0.067	1.157	0.865	0.932
118	2.969E-4	1.355	8.831	0.055	0.022	0.018	135.000	1.000	0.026	221	1448	135.000	0.018	1.229	0.814	0.941
119	0.051	2.041	9.030	0.915	0.296	0.220	18.202	0.766	0.313	309	1475	173.290	0.230	1.344	0.744	0.928
120	0.054	0.534	9.221	0.896	0.282	0.246	171.798	0.851	0.296	69	1498	143.366	0.238	1.147	0.872	0.957
121	1.856E-4	3.217	9.112	0.047	0.019	0.012	71.565	1.000	0.022	527	1497	56.310	0.012	1.553	0.644	0.909
122	0.095	13.095	9.458	1.208	0.427	0.283	94.080	0.818	0.424	2137	1522	111.038	0.280	1.509	0.663	0.966
123	0.061	9.635	9.504	0.970	0.338	0.231	71.954	0.820	0.340	1575	1588	75.466	0.241	1.460	0.685	0.950
124	1.113E-4	1.288	9.519	0.038	0.021	0.007	0.000	0.967	0.019	210	1562	161.565	0.006	3.000	0.333	1.000
125	0.083	17.802	9.757	1.106	0.369	0.288	116.336	0.856	0.393	2916	1570	102.529	0.287	1.281	0.781	0.959
126	2.969E-4	5.328	9.599	0.055	0.022	0.018	45.000	1.000	0.026	873	1577	45.000	0.018	1.229	0.814	0.941
127	1.484E-4	1.017	9.644	0.034	0.014	0.014	0.000	1.000	0.017	166	1582	135.000	0.012	1.000	1.000	1.000
128	0.084	13.575	9.902	1.127	0.381	0.281	112.702	0.831	0.398	2212	1594	105.101	0.299	1.358	0.737	0.964
129	0.047	4.321	10.016	0.832	0.257	0.234	11.356	0.857	0.280	688	1638	168.690	0.234	1.098	0.911	0.952
130	0.060	12.277	10.062	0.947	0.293	0.262	57.716	0.844	0.318	2005	1677	69.829	0.272	1.121	0.892	0.955
131	0.072	15.708	10.085	1.035	0.341	0.269	9.075	0.846	0.366	2550	1661	10.561	0.281	1.265	0.791	0.951
132	0.095	4.548	10.370	1.190	0.393	0.307	171.985	0.839	0.411	714	1697	159.146	0.316	1.281	0.780	0.956
133	0.002	15.327	10.238	0.147	0.049	0.045	0.000	0.992	0.052	2514	1677	125.538	0.043	1.092	0.916	0.920
134	0.052	3.585	10.450	0.857	0.261	0.254	113.658	0.892	0.284	575	1695	125.395	0.256	1.029	0.972	0.962
135	0.066	11.494	10.442	0.999	0.358	0.233	173.966	0.827	0.376	1857	1710	171.607	0.231	1.535	0.652	0.959
136	0.080	8.330	10.506	1.067	0.336	0.304	114.955	0.888	0.358	1360	1697	103.799	0.306	1.104	0.905	0.964
137	4.082E-4	3.353	10.421	0.072	0.023	0.022	135.000	0.976	0.027	549	1709	116.565	0.024	1.035	0.966	0.846
138	0.064	2.583	10.815	0.993	0.333	0.246	132.725	0.821	0.359	406	1752	130.179	0.264	1.353	0.739	0.949
139	1.484E-4	6.866	10.752	0.034	0.014	0.014	0.000	1.000	0.017	1126	1764	135.000	0.012	1.000	1.000	1.000
140	0.066	4.972	10.967	0.973	0.301	0.279	76.252	0.874	0.313	814	1825	83.290	0.275	1.077	0.928	0.959
141	0.004	11.747	10.998	0.234	0.088	0.054	102.159	0.853	0.093	1926	1798	113.199	0.055	1.649	0.607	0.926
142	0.049	14.466	11.276	0.858	0.277	0.226	38.486	0.839	0.292	2367	1873	66.644	0.222	1.222	0.818	0.948
143	0.166	6.497	11.443	1.596	0.517	0.409	164.342	0.819	0.532	1025	1856	159.905	0.402	1.265	0.791	0.966
144	0.013	11.284	11.314	0.450	0.159	0.106	112.514	0.827	0.164	1846	1845	105.068	0.110	1.496	0.668	0.926
145	0.049	7.230	11.357	0.879	0.295	0.210	2.164	0.792	0.303	1165	1857	164.846	0.213	1.401	0.714	0.938
146	0.082	10.599	11.450	1.141	0.402	0.259	79.528	0.791	0.415	1732	1913	79.846	0.284	1.553	0.644	0.939
147	0.078	15.462	11.607	1.089	0.351	0.284	80.930	0.830	0.384	2534	1936	79.939	0.305	1.235	0.810	0.950
148	1.484E-4	5.806	11.508	0.034	0.014	0.014	0.000	1.000	0.017	952	1888	135.000	0.012	1.000	1.000	1.000
149	0.108	5.811	11.712	1.291	0.389	0.355	168.857	0.818	0.433	924	1902	147.653	0.359	1.094	0.914	0.956
150	2.969E-4	15.215	11.557	0.064	0.021	0.018	90.000	0.914	0.025	2497	1895	104.036	0.018	1.195	0.837	0.800
151	0.047	2.665	11.878	0.851	0.278	0.213	21.861	0.808	0.308	417	1964	29.604	0.225	1.303	0.768	0.943
152	0.077	20.319	12.023	1.063	0.355	0.277	94.787	0.861	0.368	3332	1944	96.654	0.280	1.281	0.780	0.965
153	1.484E-4	8.602	11.898	0.034	0.014	0.014	0.000	1.000	0.017	1411	1952	135.000	0.012	1.000	1.000	1.000
154	0.109	6.967	12.159	1.361	0.501	0.276	118.420	0.738	0.505	1139	1954	105.376	0.271	1.812	0.552	0.952
155	0.064	15.554	12.132	0.991	0.344	0.237	122.161	0.823	0.363	2534	1969	124.756	0.250	1.450	0.690	0.952
156	0.037	12.697	12.128	0.761	0.287	0.162	127.342	0.796	0.289	2070	1973	120.343	0.167	1.766	0.566	0.933
157	0.055	17.708	12.168	0.891	0.278	0.251	113.347	0.866	0.297	2894	1977	109.179	0.259	1.107	0.904	0.956
158	4.453E-4	0.061	12.099	0.069	0.024	0.024	0.000	1.000	0.027	9	1984	116.565	0.024	1.000	1.000	0.857
159	0.050	5.789	12.345	0.902	0.300	0.214	114.708	0.778	0.320	944	2003	111.194	0.229	1.405	0.712	0.934
160	0.091	20.541	12.526	1.166	0.390	0.298	154.196	0.843	0.413	3337	2046	163.706	0.311	1.307	0.765	0.961
161	2.227E-4	10.085	12.391	0.047	0.021	0.014	0.000	1.000	0.022	1654	2033	146.310	0.012	1.500	0.667	1.000
162	0.056	15.949	12.522	0.958	0.316	0.226	6.463	0.769	0.333	2596	2068	18.104	0.251	1.394	0.717	0.941
163	0.058	18.316	12.567	0.928	0.317	0.232	136.953	0.841	0.318	2984	2047	147.529	0.239	1.368	0.731	0.956
164	0.029	19.434	12.625	0.646	0.206	0.180	123.234	0.878	0.216	3175	2063	139.574	0.185	1.148	0.871	0.950
165	0.054	16.202	12.726	0.899	0.300	0.228	137.627	0.836	0.319	2640	2069	131.906	0.243	1.319	0.758	0.951
166	0.112	12.510	12.815	1.297	0.428	0.332	165.718	0.833	0.433	2024	2089	147.653	0.336	1.291	0.775	0.964
167	0.054	13.759	12.939	0.893	0.280	0.248	95.329	0.858	0.299	2249	2147	78.232	0.256	1.130	0.885	0.953
168	0.080	8.903	13.017	1.094	0.376	0.269	79.888	0.836	0.387	1456	2170	82.763	0.281	1.398	0.715	0.965
169	3.711E-5	16.153	12.936	0.017	0.007	0.007	0.000	1.000	0.009	2651	2123	135.000	0.006	1.000	1.000	1.000
170	0.048	12.962	13.101	0.838	0.271	0.227	141.862	0.866	0.282	2104	2145	166.264	0.227	1.192	0.839	0.955
171	0.059	19.687	13.308	0.953	0.328	0.231	170.111	0.823	0.341	3208	2174	161.241	0.238	1.419	0.705	0.965
172	0.097	18.743	13.436	1.210	0.403	0.307	81.076	0.836	0.429	3075	2241	83.480	0.317	1.312	0.762	0.959
173	0.033	1.437	13.419	0.685	0.212	0.196	65.859	0.873	0.230	227	2219	68.199	0.202	1.078	0.927	0.945
174	7.422E-5	13.086	13.308	0.026	0.014	0.007	0.000	1.000	0.014	2147	2184	153.435	0.006	2.000	0.500	1.000
175	0.067	5.834	13.501	1.031	0.344	0.249	166.067	0.794	0.356	930	2224	6.882	0.265	1.384	0.723	0.938
176	0.130	9.265	13.747	1.557	0.525	0.316	155.065	0.676	0.562	1487	2239	151.489	0.362	1.662	0.602	0.932
177	0.085	16.655	13.666	1.158	0.405	0.269	1.411	0.800	0.429	2698	2250	14.826	0.277	1.504	0.665	0.955
178	4.825E-4	0.153	13.537	0.072	0.027	0.023	135.000	1.000	0.030	24	2220	126.870	0.024	1.159	0.863	0.897
179	0.002	7.661	13.733	0.140	0.051	0.038	61.959	0.976	0.054	1255	2258	63.435	0.041	1.340	0.746	0.891
180	1.484E-4	13.348	13.865	0.034	0.014	0.014	0.000	1.000	0.017	2190	2275	135.000	0.012	1.000	1.000	1.000
181	0.040	12.051	14.005	0.765	0.258	0.195	61.042	0.849	0.263	1978	2320	76.608	0.204	1.318	0.759	0.956
182	0.047	5.381	14.201	0.844	0.284	0.210	44.255	0.827	0.299	865	2345	39.207	0.217	1.351	0.740	0.945
183	1.113E-4	0.791	14.159	0.034	0.014	0.010	135.000	1.000	0.017	129	2323	135.000	0.012	1.464	0.683	0.857
184	6.309E-4	11.130	14.296	0.085	0.032	0.025	74.828	1.000	0.036	1825	2349	59.036	0.024	1.263	0.792	0.919
185	1.113E-4	19.640	14.285	0.034	0.014	0.010	45.000	1.000	0.017	3223	2346	45.000	0.012	1.464	0.683	0.857
186	1.484E-4	9.848	14.784	0.043	0.017	0.011	0.000	1.000	0.019	1615	2426	161.565	0.012	1.468	0.681	0.800
187	1.484E-4	17.447	14.907	0.034	0.014	0.014	0.000	1.000	0.017	2863	2446	135.000	0.012	1.000	1.000	1.000
